10000
10000
5151 175
6792 5799
3030 9604
7043 2937
5568 2678
6975 1719
5994 9202
823 8709
6957 4331
8872 4825
816 9716
3562 8418
8517 8798
7507 1765
9659 6144
7737 5425
2969 3888
137 4705
4488 8354
8382 1699
6790 9294
2356 5839
3433 6503
5821 5231
6182 6405
6732 6549
8561 9026
536 7568
5746 627
128 6053
892 2773
7646 5199
7632 834
6386 2384
6683 621
9355 340
4198 6161
2527 5061
3403 36
6751 6454
2114 6612
3811 9135
9196 2949
6875 7917
9292 6858
3180 4838
9998 9235
7427 3411
7967 7068
1164 734
3278 6578
9250 1613
6163 5358
8164 937
2976 7408
4435 489
3294 6522
687 9147
8271 8876
5711 2982
6371 7458
8152 2805
9048 5306
8802 3853
7658 1250
8604 2111
9682 8561
2342 7243
5542 5132
5306 8531
2589 2919
2525 5378
4273 4712
3648 6646
764 3072
807 1227
9917 1675
2759 8699
8050 2878
3442 5494
8268 6255
6219 5495
1093 278
5654 3737
5083 272
1664 3773
8110 6312
6723 7923
7048 1792
3290 7059
8342 956
4083 279
2861 4438
9196 4251
3506 1170
9433 5884
9433 1683
2048 9482
1315 9897
6747 1800
5871 4381
8283 9128
5747 1605
4702 5397
8581 8004
3703 2623
7998 1267
3574 4724
7541 9430
9129 2625
4938 914
6568 1690
5066 1365
802 6989
7896 2424
5738 4912
8907 5666
5663 4738
7450 3246
4698 4766
5417 2201
7946 4352
1750 3422
4437 1692
2504 8957
7301 1581
5520 7025
8713 8136
8792 3999
5875 7896
3825 9917
5565 5226
7029 2815
9009 3704
9590 9348
3913 8983
7607 3731
9878 366
5260 5529
8914 848
3467 265
5547 2324
2534 2312
5632 4354
596 2588
8359 4009
5482 2609
5375 6684
526 7188
7512 1629
1978 7692
1113 74
3535 5280
159 5216
6305 2124
1427 3159
6287 6914
6875 9824
592 5448
86 6808
906 8762
5958 4645
3176 853
5490 5294
539 7773
7477 480
4697 410
8756 2490
8043 8970
7217 2246
5549 9028
3933 6615
632 7856
6920 9809
8295 9864
5485 6239
2913 1274
7054 7557
657 6866
7427 2177
6607 9763
4741 79
933 1553
7505 9452
55 7700
1392 4053
2070 5200
3422 6749
3647 4881
7191 8996
4803 2391
2745 3797
425 5698
4525 3349
6713 9371
9533 3821
719 1974
2854 6184
677 2243
890 7720
4398 9926
8438 5311
9883 2887
7171 1554
3550 3120
4004 8723
1537 1825
9725 500
1225 6397
5796 5885
4528 3475
4572 9180
5888 6642
6812 2789
5747 2465
4174 3657
4712 8665
4264 3816
862 6466
5461 4030
5058 4054
8857 2797
3578 6457
5396 8287
4570 6222
1201 7100
1239 1205
6944 5052
7689 7155
9155 3622
7415 8838
6765 391
1537 2067
9358 9616
6512 1113
3208 134
24 6656
8735 5143
9108 1224
4395 9725
9378 7235
7146 7522
9682 4428
9050 9621
7282 7797
1354 6352
8854 8891
7457 1678
9449 8283
2691 1951
5887 8995
1973 5872
3095 351
8945 4845
8557 6655
8915 6134
3825 9730
4768 5927
3739 6014
5327 3181
4530 7038
7777 2033
6467 8523
7974 1086
4294 9161
887 2348
7058 9903
3130 6091
9162 6132
4014 6074
4576 7275
3607 7184
7120 7748
1380 7815
8505 4815
2020 2025
2534 4461
7560 7525
1333 5259
168 5751
4538 3492
4345 9513
7931 2742
6019 6912
3345 8352
7428 2387
289 3008
7190 7699
760 644
9257 4046
7161 1225
3890 2638
3654 6828
7615 3381
7458 5649
1221 6142
4277 5558
935 4553
1569 6825
5485 6870
6684 2993
4020 4855
7664 4670
2758 5414
3439 4809
7689 1236
5842 9773
8010 8498
5269 6693
346 2064
4935 926
6841 9514
9826 6246
1810 1639
6314 6550
5581 2498
9187 8245
6236 6630
9765 7727
1043 191
8328 1344
5322 59
7744 6248
6663 3176
5037 829
7008 178
7481 6023
7699 8168
1209 8481
3697 6393
1318 4452
1953 1287
6314 9825
330 2362
1008 1782
5240 9681
7986 3687
4518 5724
9305 2615
6533 743
2441 5656
555 5863
789 3586
7115 8009
16 3599
6255 2721
4183 4687
8515 6108
351 3589
1206 4103
1108 5517
9380 7081
7909 3854
3962 2769
2563 3323
4755 419
803 451
4979 1130
38 96
7409 8900
4931 3799
8713 875
5593 3918
727 843
5257 1754
5327 4967
8988 4197
1068 4290
1744 2587
1312 9080
6644 5512
3183 6306
1453 9470
9576 1371
8683 8701
5110 6780
9561 3951
4437 3533
3688 1725
9457 2847
8873 9212
9883 4941
2094 1545
9485 6063
3289 5362
4870 7966
5011 7942
9364 818
7600 7892
7412 7841
9473 7406
3969 6289
2849 4043
4079 5932
452 6249
804 1453
6939 7099
4836 892
328 2921
8382 9769
875 5305
3340 3499
8796 2175
8362 9302
7307 6219
4296 2375
1672 1384
1142 172
7384 1972
4004 3664
5568 5392
4157 459
3140 1869
1858 1022
8451 9761
6063 3385
3439 4151
3382 3617
8719 2113
3978 9798
9123 476
2827 2577
8599 4906
6132 4158
6581 3496
4984 8495
3847 418
6875 1
1959 6968
8163 3292
8975 9357
3061 943
6593 8690
2694 5845
4368 5230
7025 1931
3165 5201
4586 8570
6602 8924
9725 3146
7680 6972
1469 3024
2525 5743
4147 8910
5202 5577
5711 9884
9725 8515
2812 323
6955 825
4269 942
5563 308
2290 9259
8028 8099
9573 7599
1354 3158
4546 8282
5630 4418
8114 905
466 5621
5763 3227
9294 721
3424 944
1664 2044
7307 2273
5111 8670
2468 9423
9452 5444
5202 1618
2115 5363
1653 5009
7458 7811
5032 160
1923 2160
5704 8137
2275 5995
709 6143
7505 9320
299 1549
6735 3400
6949 8055
9549 4222
2966 2321
6138 8779
6179 7090
1724 8982
3553 7258
6281 6320
6231 6728
1465 1817
8282 7820
7910 6228
6012 9313
5885 5825
2521 6293
6225 1729
1794 3978
8948 6863
422 9361
7891 6888
2072 3922
8880 7631
3152 2834
9317 2007
9492 2762
1617 6267
4894 6066
5202 3967
2018 1592
2120 7238
4813 3633
3588 2088
6213 8148
4757 1752
8409 7349
3027 7161
5544 3559
8048 4862
9042 6474
8355 9220
2763 1574
4626 5325
3239 2735
2844 3899
9883 3828
6700 1153
1290 1132
4511 1847
7948 7785
7482 5511
9937 8908
6465 505
3049 2732
9067 2343
4870 8960
8915 6941
7571 1015
7400 9764
8207 6854
7472 7388
1042 8506
6563 5591
9244 700
6231 688
200 7931
9433 7806
6027 8994
5607 1238
9765 9447
11 6719
1852 4295
8421 5507
6454 9741
6581 4598
9499 7756
3814 9974
4364 5459
6558 5139
9025 1457
8247 1126
5461 8475
9580 4419
5691 8937
3967 1558
8530 2646
3036 2217
4046 5823
6107 3631
3092 6727
4823 2482
4224 8044
528 6541
1392 2445
8988 9876
6244 1421
7007 6813
9163 6201
6073 3525
9574 817
389 232
1168 8335
9263 403
7441 2840
3700 7751
6207 3461
4763 6753
5673 4988
6454 3338
8128 6924
6123 5682
5747 8320
8209 3062
5110 4996
9561 6368
6197 4850
3267 6327
8735 139
9252 6027
7044 6937
8785 9530
3864 7485
7744 5887
7773 4602
6197 3574
5905 1416
8474 2205
9253 1943
5947 4567
348 5805
9200 9930
2631 2302
287 3580
106 795
5355 3608
5821 2886
2887 9546
4368 2157
66 9475
5436 1732
6635 4271
9988 3156
2674 807
1459 6137
3537 7598
2381 7644
5800 733
7850 8511
2573 1664
2043 9571
9104 7310
5759 3819
2602 2890
5647 2854
4069 6146
3100 4298
87 8258
6083 7851
4244 2471
2544 8052
4880 8051
1647 9756
9195 3412
2044 7177
5845 2546
2973 7677
2887 8391
1748 3917
731 9986
3763 9230
8438 5126
7016 8406
7658 3443
6417 9538
7174 9517
6386 9959
5983 8559
5950 8611
4281 7126
3054 4488
1011 5731
9917 256
4563 9404
8080 2799
7168 7901
8594 7450
7395 9112
7116 5496
1946 3501
8625 2333
5290 6242
2152 3340
9741 9829
7533 5555
3128 3592
9016 1962
8527 9382
9101 9617
371 4997
67 6986
371 8380
3173 9377
5905 2960
5387 3263
9940 4417
5536 8984
3162 8464
8530 6539
390 5131
7790 4514
2710 8569
6022 2727
1645 6030
3814 1156
5075 5098
6606 8147
5436 122
7327 1262
9713 5808
6841 2537
2416 659
8773 4432
2305 3272
7025 2617
6604 9619
7497 8210
4500 329
2020 2766
2185 4294
5661 1529
7801 8823
5350 9746
3609 6658
1355 282
9730 7680
7609 1190
2043 6806
6371 8751
9043 6484
9597 3660
4258 6286
4099 9905
6054 184
2445 2770
1417 1281
129 9516
2901 9173
7495 3424
5282 6205
9917 9613
6352 6644
3049 8519
8622 5794
1117 6883
5662 8826
1559 583
7018 7407
1904 2015
961 3374
4349 2509
537 9691
7560 2213
3005 9351
7945 2024
9411 6664
4247 8096
3743 6082
3108 7786
382 8770
9587 8812
3152 1413
5951 8821
3081 4916
8007 6810
122 737
7090 234
4634 3257
8317 4003
2534 3471
9146 1118
1068 4789
775 7425
7454 9263
5040 9839
1394 7928
336 6560
4573 2496
6479 4631
4469 8037
907 6497
3123 1247
3050 4411
8765 4516
8832 3523
1621 6254
599 9535
5585 5293
6805 307
6683 1135
3033 6164
3750 8700
8561 3474
7411 3271
1815 8227
8227 7735
1228 294
7778 8397
7399 5368
9209 7795
5983 2306
3543 3647
1221 6441
9113 8501
6309 786
168 3956
5554 9484
7366 4144
8049 9570
6624 9657
7106 2527
5237 917
5612 6227
7938 9739
8881 274
2965 6272
7309 8713
7101 3351
3888 2231
187 4585
3370 5274
9781 3419
4679 2760
2323 7707
8314 2792
3897 4939
5864 1459
2916 6006
139 6759
4972 1292
266 3602
9930 5619
9185 5236
8409 2800
6079 9197
4873 532
705 8604
2310 5415
8113 7353
2220 4209
2142 4555
5903 7170
2775 9157
9700 5278
1227 3172
6593 9539
8424 4212
543 5923
8910 6815
7582 1422
7204 6431
8240 5034
3276 2619
9527 5242
5545 7583
4337 5224
9908 1672
5095 6071
415 7350
8851 1926
2092 8467
869 1141
5550 2679
7394 6676
532 7871
3357 3897
5752 598
5313 1948
5664 485
7585 6392
9364 7291
6919 4353
8954 2963
4995 592
9592 5694
8876 9688
1646 6781
5732 8698
1133 517
4083 9077
1256 9255
5177 9873
8305 9872
9749 4365
1059 5937
1840 8488
2181 150
3581 8866
4116 3777
6438 3612
1446 5299
8151 8129
1546 5008
2175 9646
3703 4547
4420 7571
6385 3493
7367 9481
4344 6529
5161 4802
1711 3540
4942 742
8278 441
437 1056
9921 2499
8830 3169
3183 5679
7833 9890
7628 4762
3464 4386
6811 8152
70 1235
2814 4506
6327 2855
181 9882
1463 2098
6765 8450
3773 9278
9936 3386
6441 9521
1357 2611
8012 3826
8425 3241
3452 7651
2944 4737
6650 7187
1058 7418
6782 4603
2083 5869
8568 28
1699 6926
8036 5122
6179 7013
9438 6300
6526 8060
6483 7424
5063 9612
7917 9308
7366 9205
8796 3763
6731 4493
8109 618
5430 1677
655 5614
4975 5712
4276 1510
3889 5036
9568 9648
6047 1767
6602 6190
5019 6923
3202 3288
3429 6485
9826 4961
8568 2256
7752 5605
5620 912
828 6151
7946 223
456 3539
6579 7899
7441 3205
8251 4471
4295 9228
4199 3104
2397 6688
3561 7957
4825 6949
6984 8069
3661 6848
3721 6899
4939 5250
9725 6841
9212 5273
2744 3884
4836 3553
4294 1018
1255 8187
560 492
8958 3178
5873 1563
253 6162
8451 7282
9075 7375
5453 7807
8982 8904
4276 2812
458 1612
5323 1052
1078 8941
5667 9200
5137 1801
8425 5953
7038 5807
5987 6172
7105 9540
7037 8359
1803 6083
3315 5635
5436 7466
8371 1637
4919 302
8764 5769
1921 5257
1611 6492
3581 8679
2812 2984
2517 5776
3520 2253
7622 4932
4158 8431
5469 9979
3869 8328
6390 230
216 7461
9674 4943
3992 4463
468 8436
5064 3285
5549 3034
6822 3307
1070 1859
718 7564
2716 3397
5475 8454
7808 2062
371 3026
4445 6101
1680 7386
6248 3193
7495 6446
8345 6616
5908 7703
316 7934
6097 6407
5149 5436
7018 630
6541 1688
7232 9190
1931 9893
9899 2149
9123 467
8020 4052
9842 3601
1889 7910
2913 4032
8725 5790
8506 4211
4208 6575
8783 776
6596 2563
2169 4288
7105 4655
5560 2940
4897 2367
5747 6149
6587 5079
1974 7617
670 1578
3480 8586
4939 8083
7556 7866
9244 2985
8796 8945
8120 1263
2085 9784
4235 6920
1284 9506
4598 2313
3010 716
4854 8389
7686 8326
5821 1762
7664 165
9599 1348
9490 8989
7522 755
2859 1715
1446 6535
7728 3075
3089 8593
8705 4518
7996 6273
7450 6514
5885 9775
320 7894
3262 7474
492 4968
8807 6902
9454 2283
8843 4869
3853 1233
4240 1642
8357 5353
5709 1827
2015 3137
2653 9315
9265 7716
2867 9015
252 1199
1611 5713
4472 8566
3025 1724
8078 9846
4031 192
6152 37
5453 8438
9792 6829
1067 5963
8180 6861
2118 5894
1106 7648
2221 5349
3941 2635
4177 1185
9447 674
4056 2356
8973 8897
8543 5637
7054 7429
3441 3517
6077 3542
445 668
6986 3804
8109 4069
664 483
2689 7036
3897 4699
2672 5406
3982 8944
1678 2747
6165 8206
2548 9248
4372 2979
8121 6294
2873 6335
3774 2764
2924 2328
5900 3478
6216 5404
1459 838
2437 8104
3285 7676
4825 1877
4154 5910
1817 6181
3510 3593
4351 6424
4564 7471
5944 6638
8363 3962
7093 9356
6704 9544
3791 7255
9784 3167
5148 1520
8255 3611
5688 976
9900 8482
8263 7932
8137 8988
1857 5435
1876 3462
2361 9398
3605 568
7159 3415
4557 6384
6556 7552
1221 4470
1303 5263
9694 4297
2973 6929
3838 8131
5600 3199
8313 7874
596 2139
885 27
5840 6823
6588 41
8424 13
4733 2301
952 8833
8710 3265
1296 1961
3260 8275
9146 8033
3771 614
4994 1295
1268 3067
5220 5021
698 3705
3148 342
3053 5703
3791 7389
1117 9021
4169 1562
9862 6338
8183 2179
4755 8304
1704 7017
9841 5003
6775 698
6169 6072
3194 5598
9484 8149
243 2751
5981 8007
7519 2364
3620 3491
784 9262
6608 3904
4321 9954
5017 5456
4912 8143
3747 233
1692 5586
9512 1916
50 7173
8710 245
356 1766
8652 6427
5087 1472
4276 6626
7100 57
7982 9076
974 6245
5296 9193
9444 3852
2961 1697
628 1178
9368 5025
8141 9069
4722 8140
1678 1379
6876 9330
5799 5505
324 7304
9420 9803
6822 1631
741 9807
1682 9607
9311 182
7321 39
2930 3407
500 9866
6493 3563
6644 8162
3582 3333
5567 2351
4276 8854
9658 5366
9455 4549
5050 5996
2481 2763
294 6499
9922 6873
1598 2904
6663 9343
3874 8810
3412 4026
2633 1844
2190 1503
5784 5210
7790 5068
9261 5851
273 2131
9726 2918
8808 8205
9427 7954
635 1702
5547 5876
8594 4755
1070 1593
6073 7383
3439 1540
1615 1164
7711 466
8691 1389
3670 4856
6844 4264
5552 2729
926 2753
3559 1083
9343 7438
6432 4993
1206 2807
4986 3486
3370 6028
1608 2329
6408 3064
9210 2075
1152 9108
183 4816
7185 9293
7713 3262
3334 4240
8800 7051
6386 1440
1672 5094
3609 7562
9145 3006
9654 2883
7374 3688
8110 9206
9501 9471
7352 9527
9344 5286
8693 1569
5644 6064
8522 5888
8360 8041
2285 719
5614 708
8468 2390
8280 3093
4935 356
7896 4150
633 6691
7099 5038
7605 3449
5814 3213
4368 1706
8076 5020
3539 2147
9817 1426
3132 7916
8280 60
9725 1608
5344 9865
5475 4952
8418 9564
9447 9736
6699 85
8872 3089
7483 6317
5854 518
4049 1616
528 3083
2954 5550
3551 3554
4781 1996
9970 3775
5544 7122
895 9966
2450 7185
5177 9580
7322 9782
3683 4649
3748 6993
1526 7968
5148 891
1196 3663
4050 3359
8227 9336
3410 2504
1486 8606
9600 2902
522 4887
7836 2540
4403 6106
2039 6274
6132 9399
5189 2585
1207 9127
8136 6215
6336 8640
5128 131
5236 8295
3371 711
9019 6010
9826 1380
2357 3587
3279 1122
710 2844
918 5991
3334 5784
9075 4370
8965 2512
790 5725
1182 7269
8198 9695
9349 7053
3718 5895
3164 125
4548 8308
1374 4995
9378 1109
2380 7893
7216 4875
1813 5042
5283 9171
189 5737
9322 1473
1312 5019
6193 1515
1561 1788
9036 6714
7192 236
8802 4332
1704 7206
990 4187
1657 7390
7768 3294
5517 5029
5610 7960
8788 5336
364 6613
9768 5064
5035 3070
6089 4962
982 9143
6693 1693
3952 4089
9192 7348
4247 745
8930 7082
2925 1253
3974 586
8062 3367
7917 7150
9240 4800
2521 8259
989 1575
6974 9152
2521 9427
9710 2470
8149 2208
5685 5407
3013 1487
9298 5680
3272 9066
5729 5450
1104 4450
6903 762
784 6660
7613 4830
137 6849
8530 2021
6928 4727
6248 767
2399 4189
7202 4966
863 5677
7470 3963
4254 3097
5203 7447
8990 2652
8804 7629
1440 3739
5856 7746
1274 2215
7093 7130
8173 5813
1935 648
5401 7058
884 1427
1365 8116
80 8277
5814 8624
4740 4545
3326 1852
7307 535
531 3460
3953 6380
5195 3139
8039 6348
99 1093
3003 6797
1924 8524
1439 7543
3061 5984
413 2192
3819 6565
5706 6997
6143 3588
6117 152
7123 4511
91 1094
3661 9133
7608 3802
4960 4440
717 4525
1293 1423
1470 5028
1397 1251
1144 3057
82 9383
5001 5380
1885 2237
7829 5612
9856 197
7901 9918
3097 9670
2469 9347
4149 2656
6796 6223
5366 8218
3150 8513
4540 1989
1184 8956
243 296
2844 5999
2118 7319
5249 9804
3814 8449
7458 8301
8101 6421
4894 5146
9816 9779
871 5234
1903 4398
3179 9335
5854 2680
7301 100
8942 9925
1301 9662
8195 4743
5652 479
6886 3012
7909 9755
6937 3997
2401 8933
5887 238
8449 314
5563 8516
2299 8885
4491 9428
3393 8927
1541 3056
376 5763
8033 372
6914 5410
7093 7627
7833 3236
4416 4595
262 4200
320 3387
1992 4160
9922 2311
2048 4994
9904 2442
4351 386
6708 3211
5183 9813
6510 1277
7547 9150
4586 5127
8977 3745
6301 349
8114 7248
939 9673
6827 1856
7264 167
4899 4806
6341 421
671 7414
6077 4512
2178 8608
5386 6321
3710 8058
9725 2039
3422 9577
1276 4720
6290 82
330 1055
6221 9522
4676 4360
5158 199
1835 7572
2508 1959
8662 677
8280 383
7113 8642
3489 6490
6414 2454
4924 1429
3511 8235
4798 3010
4886 679
562 7484
7317 3719
3208 5982
6116 4746
7626 5457
8920 6607
6449 2182
2503 8381
4089 9114
9122 554
4612 6940
8227 907
1747 9566
1227 9271
1296 4675
2096 5290
3949 2166
5220 8782
3706 5148
7505 7274
9568 5451
2164 4606
1276 3686
414 15
3992 5138
4510 634
7550 3260
7811 7465
8690 4401
6142 3994
4010 3465
3669 5158
6533 5276
9959 1293
5327 1566
5428 2372
1892 104
4727 5479
3959 9283
764 7833
4325 7125
8542 7805
447 1481
4803 3488
7277 2697
7652 2574
3839 5919
2039 8115
8718 3308
8736 9778
4144 3522
6053 9900
4310 2279
1741 3210
5834 4349
5363 297
7465 9285
8889 7741
6783 8433
21 9078
5040 2798
3851 681
5184 1988
2341 3619
6670 5523
7186 2407
8342 4081
7282 4101
2168 7340
571 3708
6524 8852
1268 2653
8212 5957
7044 782
8449 9805
3728 9363
4433 255
5351 8931
313 4123
6130 8440
7458 5202
4951 2581
2000 3218
4572 3982
2674 5606
530 6043
3465 8845
6192 6285
6607 148
738 330
8134 6653
1207 3289
4221 4169
6492 5759
936 9885
9484 2716
7707 4630
4446 86
6314 4935
9279 1789
3802 4185
3444 276
8872 9507
8736 5711
5526 718
2425 5023
6752 8315
3825 3122
3587 9666
8693 8229
5455 7604
2248 142
6893 2023
4049 800
5649 2222
5477 2933
7774 3758
6841 3590
6027 7766
8690 8160
3243 8809
5080 9649
890 9072
9531 8281
4572 6210
1494 7789
2349 4102
5366 3038
4098 1860
137 877
7547 7098
5745 7006
7658 8134
4809 2366
3116 7657
5875 5544
7194 6687
9173 2278
6115 537
7348 8322
2653 2419
6885 2670
3000 2463
7690 1377
4431 4113
4457 3082
4128 2089
3700 6523
3968 7469
8522 9757
6072 2274
9203 5954
146 5369
7498 1328
6943 1978
7189 3202
6375 7415
9403 2043
5888 652
6168 9337
442 3152
2016 2599
8208 3824
7425 7387
3646 7576
9898 9340
3903 8400
455 8231
4827 2369
3619 8641
2619 3279
4221 344
2829 1840
8854 9304
7490 2268
9454 2395
9036 4622
6546 6600
6379 7655
3444 423
8194 1832
6516 5445
7658 3020
7344 9734
9507 945
355 6953
5269 7561
9959 288
6390 8194
8680 5633
1453 7868
402 8196
3953 2865
6878 5016
3371 7613
4090 7300
2922 1896
9270 8064
1973 7345
5228 2955
5790 4644
289 4468
554 4924
8561 555
8597 5167
6548 2229
5440 3484
4242 4028
9433 1009
9169 6561
3546 5264
8372 5988
1383 5156
856 7891
591 6388
8373 211
7688 4309
368 8302
7727 9633
1860 7710
6729 2654
6281 8651
2303 9448
9326 6400
9214 5930
4343 2511
1747 1124
332 9547
4776 7237
8444 3245
9304 5860
8096 3730
8163 522
6038 3187
9682 7203
8942 8625
1294 1004
1547 3170
4880 6018
6390 6463
9629 9942
6938 5514
9295 3946
687 447
8682 8378
1920 8757
1932 3627
8062 8404
6123 871
5852 8221
3740 2194
3845 1493
9101 7463
6052 9743
8292 3618
3010 4600
2695 7706
95 693
5327 8292
7796 3222
1815 194
1746 4561
6035 9776
5323 2400
6390 1107
2921 6477
6023 1579
5795 7579
1411 1538
2873 8917
6204 5303
7085 2837
2897 872
2312 1939
4853 3390
8793 3267
5355 6489
9429 970
9205 9627
6870 4346
1187 7162
8740 7578
6772 1559
2527 3261
6828 7089
9018 6768
1910 8954
5790 5370
1194 5337
3876 7730
3517 2687
1190 7847
4961 5030
6351 4131
8560 2628
2710 4321
6113 7228
1333 7337
8530 5903
7967 5268
2689 8584
2508 3813
5216 1240
8603 5600
4577 3468
2020 8425
7347 4476
9100 4191
6536 3022
2586 205
9937 9266
5111 894
9901 5408
5780 6422
2423 4119
9673 6712
1617 8156
9077 3160
1611 3652
4049 5419
8846 9414
2633 896
1318 6288
1423 8556
2947 8411
3537 5015
3657 8049
2055 8769
6822 9098
363 3328
733 2107
953 2110
2672 780
1078 3310
4163 3198
6779 770
2006 4073
5481 8546
961 5879
4146 2211
6073 1776
1210 4368
1523 8800
6521 7830
9088 8250
4597 8499
4938 2376
9358 1466
6892 1815
1367 3039
7189 9686
2932 5672
1478 4304
9578 7067
8105 9658
7047 8290
9593 5655
7288 768
6268 5785
6077 6742
4648 220
6315 4813
9782 831
9076 8253
1163 7302
764 3392
8451 1785
3938 4261
7741 9502
5129 1166
6070 3706
6410 8241
9573 1367
9787 9698
9749 7191
8226 8204
9318 7907
7970 5245
989 9458
3451 7152
7389 2755
5709 852
6939 3458
1221 315
961 3919
8967 631
3545 1539
9757 7846
194 6635
9869 4640
1726 6839
1593 833
1405 5212
7494 5787
333 4700
9713 6729
1841 7994
456 6231
988 3648
1198 425
4441 3114
385 7226
2384 3439
3282 7558
4381 4268
680 3653
8694 9611
9446 4291
7658 9988
7713 9924
6125 6112
233 1621
6471 1272
464 1490
5173 6833
207 9970
8799 9031
84 8853
3212 9606
9585 7688
1708 8646
4395 7441
5164 3751
7333 7545
7985 3270
5547 5209
738 453
9650 2606
16 9328
4376 6381
3681 2850
503 2505
7533 2880
9665 8327
1480 2487
1675 8590
9034 9921
2290 1309
6455 6000
949 8220
375 8628
2885 6299
3915 9554
6834 4949
6727 9024
4131 5422
4986 3987
4299 7221
2430 3396
2356 966
2774 725
4227 9267
6123 8765
8499 1252
4349 1565
6 8128
5554 1411
7446 4402
8200 1895
2000 1718
3662 6004
2103 5108
4382 8508
4177 7352
7838 8080
503 7069
5766 7831
4880 7738
446 8521
7562 8899
8149 1031
98 7020
5714 9132
5958 7772
824 9635
1223 9381
5619 8077
6968 5716
460 9853
4593 3480
7158 3073
5522 1728
2777 484
5413 2724
8228 3017
528 3342
1214 9268
6183 6843
6348 7176
3602 5027
4593 218
5770 783
7134 1403
5632 1078
8660 1893
1575 7446
16 8536
2812 3595
9658 6364
2722 5099
3488 6847
6700 6022
6266 4747
232 432
6541 9412
4975 404
1931 5243
1996 3948
5719 8257
6949 1744
9201 2826
1881 4604
5950 5157
2643 497
706 8057
5682 7328
8815 4224
2080 4706
6018 6725
2517 5232
2482 6406
1491 4082
5257 9027
9786 3637
3373 4399
4507 8758
539 188
7670 2564
3274 1424
8177 5815
4476 1753
174 8317
7540 239
1683 3959
9331 963
2323 4319
4702 4954
4697 409
7553 703
6202 22
9968 2981
3301 5169
9452 4407
274 3007
5623 574
7622 5906
1354 3639
4031 3702
7754 6062
9058 3470
9163 9902
5350 4882
1815 5431
5796 8086
2909 8213
770 4527
6107 9439
5885 9326
6604 6044
3616 7782
8597 5411
4082 1839
8388 8455
2151 3552
7469 1769
5619 4373
8145 591
5545 6410
2341 414
6582 7840
6685 4289
2303 1061
8278 2288
2978 6340
256 8978
3890 5173
4854 6088
747 5051
1633 4915
6841 3755
8381 4143
313 6516
79 6349
824 804
8731 5653
5352 5843
80 7476
8225 7767
3176 6705
8222 8930
7126 3594
3996 4229
646 7335
8884 7817
9051 5779
9200 9780
2144 7955
3999 3251
8789 2103
8345 2355
3628 9431
2742 2922
617 632
9748 4889
4373 2903
3548 8913
5620 531
1881 3825
5110 2644
5958 6417
7142 1737
1491 7023
6854 9443
5048 9350
2381 7494
2324 8946
3908 975
9226 7823
2122 3106
4099 2263
9403 7227
3735 1986
4053 575
9247 9868
4928 9406
5114 5624
2817 7014
7263 7288
9496 8623
3527 8867
8255 6087
1844 5461
1675 6443
992 9153
8548 9049
8612 6324
6466 5668
502 2055
5586 2586
5980 4728
7711 446
3958 8043
4938 5519
8649 4149
4932 9417
5730 9397
3681 4207
8077 5155
331 897
4570 1336
4740 6214
681 8106
9052 72
6091 6666
2857 6426
3179 2010
1909 1254
7659 2134
732 2409
7366 4999
5298 2011
9429 5428
9811 7937
5058 9677
9430 1866
4277 1464
9798 2750
7415 2676
468 1289
3346 7721
4485 5816
8593 9707
4264 5588
1998 7045
2930 9240
2228 9722
1168 7527
6352 5781
7945 5470
4404 643
6943 9632
9842 8576
8617 9017
5463 9029
9658 2339
2127 3668
2600 4117
9688 3679
1820 1976
9781 6610
5713 2532
4281 5124
7490 2567
3030 8316
8343 268
963 6950
8444 5046
2031 9972
7793 7974
7392 1214
2631 5803
8983 2816
5078 156
1432 231
9990 1886
502 5693
3917 9923
8972 7272
1950 2557
8048 4672
4281 3969
1998 1810
3856 9418
976 7949
6886 8293
1145 4523
8027 3014
8486 5285
6115 6689
5796 3711
7209 840
8024 4436
1446 6851
2263 4895
3939 2892
1857 2221
7043 1073
6371 5110
9965 6794
8208 9626
8062 1924
7504 9510
8547 1444
4679 4099
7253 3512
2834 7047
1301 3171
532 2431
6454 6047
2357 5432
9234 7514
6285 613
2763 458
9798 9542
166 1556
2081 3807
7228 9053
2811 620
2079 176
2817 7524
1363 6156
3613 8855
196 6804
9805 8656
6431 2249
6853 5096
6172 2254
8142 240
3425 8777
7728 9231
5467 8100
3908 9419
5854 5062
3483 1319
8278 4679
1249 7195
7196 510
6548 8139
9965 3774
4077 9376
4572 9355
3545 3890
5341 6419
4976 7718
5332 4613
1490 841
6875 5235
2627 58
1481 1021
4619 4448
6824 7670
8187 3221
5974 7234
9016 8738
2508 6193
3260 3088
6840 7614
7771 6726
1719 556
1404 1447
3420 4245
9242 8906
1252 8260
1682 3118
389 4593
6418 7103
7657 2130
2020 3113
4016 7918
5236 717
4299 1036
6962 9603
6594 805
9257 5134
2056 4877
7627 3311
6751 1920
2965 1463
1012 4612
6949 1383
8996 3228
4285 1030
8264 7251
4983 5761
9910 6574
2026 4338
2849 4405
290 5795
5825 7016
539 3318
6647 5367
3295 5660
2994 2285
8484 8193
4408 53
4454 6585
963 6534
9619 130
2318 955
6693 2975
8756 1189
5445 5684
3052 950
3429 8750
8171 3882
8744 3286
8310 4226
8460 5742
3346 6500
5928 3293
7158 981
1179 2752
4195 2281
6870 5947
9826 6179
3690 9693
8468 6505
8095 3779
5357 5921
9667 9044
8841 1354
9666 7129
2341 8792
5173 4299
3597 8189
4082 4740
2158 5409
2760 3528
1256 353
6631 124
7309 1005
2897 5748
4101 6416
3074 5152
7606 474
9042 9601
9823 781
5580 5067
8802 9131
7833 9498
5467 6853
5395 5287
4837 6191
8235 4590
2620 7281
7928 9277
523 3363
8103 8046
2021 2034
1353 7762
5634 4522
2843 6572
1549 2978
8959 9199
5715 9025
1352 1646
2921 2964
496 9767
9837 6435
7822 341
8851 513
4575 650
5602 1685
6092 3535
3413 6809
8478 5112
3825 7019
5033 710
4680 5547
3441 8305
6723 1537
2633 9034
7263 9129
3058 1104
4773 527
7739 8829
6894 3112
8736 5757
8746 2503
6779 9955
1798 1709
1629 2920
5959 7449
4023 8027
2048 1820
3412 8893
8135 7984
3006 7222
9162 2603
5177 3212
1199 2060
3819 5524
4755 3748
8516 1408
739 2304
2039 5154
1562 3280
8494 5298
9332 4182
7644 2647
982 3230
7883 714
2716 2629
7445 9119
8543 989
2846 3907
9454 8494
12 928
4695 9480
6887 6576
5851 803
8177 4315
6078 8164
6637 7633
1652 4112
9401 1922
1711 2706
7325 9175
4860 135
1692 6399
5690 8469
7271 1476
1278 9765
1085 9599
7427 3709
9904 449
9909 7734
2290 8950
9086 7172
3427 8396
6445 4551
5729 5135
4420 2199
7681 5925
3684 6480
4725 2017
1939 9366
6973 8090
7098 4823
7707 1669
733 8285
996 7167
8642 6084
3093 9166
9602 8112
1145 4257
5321 5690
4446 4938
5036 3986
222 9237
1280 1449
1679 1720
9010 1003
7459 8599
3970 6177
8753 4087
2015 851
1972 6402
8929 9911
2076 8186
5218 2421
6381 7289
7606 395
3645 7814
6630 3792
7848 8330
7712 1087
3646 2037
8802 6608
4683 4248
3294 8230
8880 9645
4553 4138
8352 2881
771 417
6058 8706
886 9523
2061 3074
4549 2972
8469 9818
568 1751
3906 1294
9995 3855
8570 973
2336 1966
3239 1245
6203 9703
2633 2189
9995 822
7601 6975
7660 8107
9277 2757
6564 7881
8861 2061
5910 6862
7780 8145
7596 5584
8310 1958
2305 4760
1615 2327
1061 758
8198 7086
7744 5418
65 3651
6315 9247
1191 9583
3610 7136
7065 1868
5375 3936
2650 2664
2815 2472
649 669
9698 9243
6152 4301
2366 8503
7158 1049
5026 9151
6416 4347
4442 2455
6448 4565
5089 576
2267 3313
9364 9074
878 5043
6029 151
4107 1418
1574 6998
4275 5203
6372 6906
1102 1001
3941 1651
5971 6333
9529 6145
9047 6859
8985 5227
3625 6784
2840 9483
5149 5178
775 5746
9240 1023
8811 7033
8477 5696
4804 4914
8035 396
299 5228
8530 6525
741 3883
9433 6558
3278 7844
2955 2495
2225 6820
9185 2026
5456 3793
3537 2591
1606 4038
6522 1080
3304 5766
633 6686
5397 8518
9296 29
6861 3929
2433 9859
6896 5347
9504 6330
3430 4306
2399 7996
2982 3887
9181 8269
3360 7216
9767 8366
5665 5192
3953 1085
2865 8442
932 8042
3317 2335
7991 7886
2631 7457
9772 8602
6857 2480
804 3548
5501 7834
6576 8617
4061 739
4977 2172
8838 7943
2384 2517
4345 9543
2263 2227
6938 4539
9386 1332
7658 9295
9298 5420
2524 2756
3112 5141
5228 478
9094 406
1750 8768
7450 9531
6232 8928
93 8761
1445 5917
146 8395
6314 7277
5963 2095
7480 2728
9036 9971
1502 1203
6646 8918
9394 1048
4292 7559
3031 4142
9175 2438
9641 925
5026 5568
9331 2685
1313 1681
5148 2296
5139 7431
2817 6024
8593 4153
7318 2558
4881 3645
1904 7491
6023 9585
5567 2401
6112 6136
8992 8773
2020 6390
1156 4070
5287 3515
872 6297
495 8525
8966 6771
5900 7421
17 7180
6660 9095
6371 361
8936 2169
7304 4178
2698 7658
5982 8887
4029 7872
7861 339
3578 3506
2313 842
4329 930
9755 3147
3567 8191
7846 6339
7402 6591
1452 5128
6161 8485
9691 7003
3485 4860
2130 7672
3431 8532
6952 2046
419 262
6767 6430
3909 5309
67 5738
3613 6213
8267 7685
7202 1928
4010 3634
8915 4688
3292 9541
6117 2120
9957 9000
3506 9241
6861 5018
2317 5175
2489 6450
9839 6241
2246 2491
668 7769
376 3985
1358 1305
1812 3727
6225 1838
7085 4911
6980 1182
2849 3723
729 2531
51 2616
7788 7808
9285 5574
890 5603
7638 7046
3772 207
7479 6235
5182 1209
7434 6758
3267 4650
2976 8379
2496 1097
3134 1088
6195 619
365 7852
8450 7634
1438 7542
3539 2076
4604 185
6226 9997
6663 3353
4254 2287
467 2423
8966 9362
1858 7347
7168 5740
1199 4035
6445 7331
5713 9368
1656 5671
5109 8170
2848 9254
7050 4701
7860 8182
3339 4647
9608 3352
1592 1714
2577 3543
4896 8062
2552 7391
424 8324
4099 7489
9748 3362
539 4864
4584 2054
8708 3031
2310 4596
7460 5969
1844 888
2233 2686
9459 2707
1064 3931
5460 4842
5276 2806
1179 8607
8839 9149
3152 8325
4322 3747
6197 6569
266 7334
9373 8265
3597 8675
7413 4847
4466 2708
5171 8122
6795 7952
6064 563
2915 5874
871 7444
9921 1196
8468 7112
356 582
8497 7813
7677 1658
5202 9
9615 8737
8963 4610
2598 690
2811 8153
6925 5931
1705 4987
2293 5423
4239 7253
6677 2833
9834 6502
5586 3274
1852 7666
1563 1147
9589 992
2085 9594
3133 3858
679 1100
4264 7202
3161 5354
1857 4748
1884 9052
336 1929
7395 3234
575 225
4459 5162
5314 9877
9560 9272
5238 6095
8913 9461
5761 1935
7214 1617
5252 7427
1274 7029
9698 9916
4863 6154
2365 7554
3340 2737
3582 8915
3856 1570
1540 2718
1524 8372
1264 7509
706 2492
5835 4745
5826 2976
3661 6700
478 6011
468 1159
2088 3691
1647 7395
7791 5691
2834 6433
1893 8619
468 8743
523 1997
3962 397
1794 1443
5563 243
3671 9495
4423 4175
978 6189
267 9103
4837 2731
2206 6985
4162 1101
9074 7298
7295 8385
2068 5065
8181 4048
115 832
6986 6058
539 2099
9324 5194
6982 9322
4322 4244
3807 1812
6467 4446
8953 3746
3242 313
313 9111
5717 7597
5552 9250
5137 377
8141 798
7850 2083
5269 4697
7495 6056
5288 280
1702 4836
7044 5891
3322 5153
15 6155
8449 4068
5560 1382
3478 482
9479 1173
9551 4496
8212 1388
7325 8735
1986 8392
3027 5915
5890 735
4107 360
2589 1488
1703 1395
9077 9945
8041 7104
5152 6633
5892 7197
7100 2645
7490 8987
6010 8384
6281 7652
1565 9274
212 9944
9111 4281
6222 3810
3125 4356
7342 1626
9085 2831
9790 5801
7505 866
2095 8456
3239 4872
9837 7539
4111 3111
5697 3844
6903 946
688 4167
9456 1431
2159 749
5628 1795
9105 6048
8795 5105
8687 3845
5433 738
1591 3382
3924 5850
6713 1953
5684 91
7044 777
8580 8334
6617 5399
6264 6035
2771 4366
6298 4865
8827 6750
7457 6019
4193 6425
8594 1035
5576 4614
116 5001
977 2297
7085 5100
5473 4314
4101 8943
8872 9731
5221 77
5852 6067
8687 7241
1130 3414
7341 4918
4084 2065
8607 7218
8353 1474
5236 7232
3354 270
3362 8496
4491 1894
9205 3380
824 863
5829 3087
5939 6894
7826 7821
8277 6296
1628 8242
6604 3312
8257 9993
5881 8875
9697 3061
9153 1914
7647 9246
6491 173
7946 5149
243 3971
5033 4284
5005 6437
5134 9062
2890 7575
2723 7169
8172 1934
710 1673
6460 42
9579 5176
3276 4083
8907 7752
3226 61
6598 5641
4678 565
7143 3189
768 8444
5613 5246
6401 3784
7846 1885
4401 7612
8561 7758
253 121
791 7344
9155 1586
1605 5642
1675 4395
2916 2235
7463 3581
3710 9155
2722 9051
4790 5852
3493 6942
7123 8091
9654 4653
1746 8247
9021 2754
7576 7393
7143 1095
8712 2413
960 6520
2586 4696
5899 2462
9269 8639
8087 5515
8629 5569
1903 3885
292 8986
5891 3281
2126 6374
3299 9678
6930 2155
1729 8135
3766 7114
3774 6938
51 6564
3805 8274
4215 524
4765 6855
8712 7903
6527 4367
699 9754
2072 3778
6917 7999
8013 1486
6812 4270
9217 1925
4989 2776
2396 6090
8607 7594
1393 4429
1633 7794
2738 6793
3465 6075
5547 559
390 9349
2238 3703
4174 2334
8196 9191
5313 392
8798 5849
3890 1757
2930 3701
9490 6076
1721 6567
3173 9057
5033 8861
5375 1657
6870 5012
5879 5620
5580 628
5915 847
3314 6966
5002 2085
945 603
1734 9165
5870 4753
7570 1158
2331 6122
772 7478
1124 9852
1444 4609
5826 5622
3548 3053
6280 2823
5585 2261
5287 9020
521 9064
390 6100
9133 7249
774 6211
5908 1904
6663 9650
4951 3557
8196 923
5111 7747
3588 4293
3520 5327
2792 2144
4010 2710
6859 6263
8635 3481
5787 567
3567 6341
5110 6475
946 437
9486 5687
3648 2250
4389 5897
5144 9213
9261 6508
7342 5077
7507 6605
1710 1708
7890 8063
5563 5346
960 8306
1168 9238
5814 4433
7512 11
1844 9292
4437 316
9378 9429
5486 4079
4193 3339
946 5109
6875 8435
7804 2748
6708 9261
9268 8739
9311 2959
5713 2028
4235 4275
2504 6305
5642 5760
6568 6743
3605 6057
9570 2136
5375 5416
2206 4396
4322 2931
244 8745
3265 6403
3413 9270
8872 3033
4813 953
3892 2071
5026 2000
9788 8667
2226 9451
7744 6790
2620 2171
5013 4690
9699 9312
8476 6187
7411 1662
8030 3626
946 3954
6066 9097
2406 5073
3748 2965
5928 761
4219 6751
8751 7294
6700 9908
568 332
2360 5371
8697 3796
4152 8683
2467 7419
7780 1357
1109 5530
5785 6724
5148 7601
9078 5595
3682 7687
500 3207
3362 8914
8801 5960
4766 8209
7458 5628
9968 8961
7826 3809
2501 1940
364 5497
1 4691
7763 7661
5413 4758
1512 6041
8568 7600
6512 3683
4832 4978
6281 3787
6121 1583
4534 9485
4551 2255
2211 794
573 1591
2300 4515
445 8990
9514 9400
2760 7654
379 1991
7880 3937
7601 2536
4733 4891
4509 1736
7846 8719
1590 6984
2588 8072
3247 538
6698 4196
4930 6344
4172 515
2286 7855
1119 5534
1780 584
3452 3572
4107 9919
7498 7110
1791 2436
2952 6669
1777 286
3578 8114
5581 1322
6976 5722
3089 6903
7053 8157
6304 8298
8649 9874
2624 4359
8169 4016
4900 4078
5414 8500
5634 367
6293 1006
4310 6464
6870 2973
9943 1804
6735 2519
8655 3128
8672 6744
131 4238
4848 3780
9517 1588
4928 5466
776 9345
9427 7027
5466 4058
3016 4186
1909 9086
532 5686
7046 2761
8792 7684
1701 654
2738 916
7368 5966
592 6905
4565 580
2842 9375
6673 1883
9608 2241
8966 4989
7505 3433
3276 4648
3567 3134
7400 3151
7367 7175
1822 1065
2917 9899
3139 3596
2974 3788
5941 2607
2020 528
9162 1373
5351 1115
6231 6089
8358 6008
1957 8056
9815 2655
8741 2777
1692 2123
5257 699
4190 8896
862 7560
5203 6586
6731 1716
8802 3955
4827 3037
699 9488
8020 8349
8872 2967
6224 1619
1148 2935
9016 6624
3517 2845
9926 6845
657 9491
3704 6909
3246 9441
6537 7448
5976 4937
7481 6270
8652 5300
6508 3485
4897 5846
2655 7697
9353 9548
7687 9987
9244 8329
285 5310
4077 859
7254 4214
1232 4632
3511 8032
4349 6916
9748 4829
5900 2969
4083 3764
9788 6857
8193 6304
3856 7922
6526 4828
4143 4754
2362 7192
1178 7671
2441 8239
9927 8894
8592 5491
9500 4885
5360 7835
9233 2555
9682 2381
7684 8534
8322 7064
8802 3500
707 4787
435 5082
8926 3566
4053 9146
985 9198
7399 7318
6944 1032
3642 1146
2441 3930
6112 4851
9675 7976
9561 4198
6386 9749
7627 1210
6441 9456
4113 3131
1398 6748
9746 3426
9247 5728
5964 9504
5653 5441
2886 3913
5207 4866
4809 8203
6812 4380
592 9509
3684 3398
7557 9489
5228 7140
6819 8742
3818 9750
3668 357
3962 6762
7171 2219
3022 1414
4481 911
9346 6996
1404 3092
6855 707
9265 9811
6092 7595
6878 8504
1355 6354
3814 596
7070 8445
9728 1584
5259 9957
1909 6913
9855 1396
2470 9424
3313 21
9961 6481
9040 9814
7684 6803
9716 7882
6092 5730
2078 2669
4855 4656
221 2116
2633 3416
5327 4880
5781 7265
5344 2080
3507 947
7029 3051
5351 2204
9940 1066
6270 30
6135 6487
8391 629
3094 8362
5074 6807
4174 363
378 3877
6661 6947
99 8663
6100 8600
2874 9032
1556 5081
2512 2200
4437 2399
2597 9892
2071 1740
8664 2077
312 8892
7079 8399
5985 921
8820 6791
1566 2736
38 961
8713 2198
4420 3923
9019 1258
2501 4707
4318 3912
9865 1952
2633 4597
9651 1700
8109 8621
1681 2164
2395 2739
9905 6720
760 7483
3764 5689
5008 1060
5133 6461
80 3028
3412 9933
3056 5868
2170 7990
4584 769
3620 5681
6454 4001
9562 6731
4249 8363
4235 6479
703 3421
2881 1851
7046 5044
5819 8859
8116 3268
1395 6129
9874 1075
5693 4024
190 9437
1052 2528
1838 3437
6753 4684
5922 326
7238 8368
7988 9391
3700 9474
999 157
7048 6029
9448 5289
9682 1026
2849 9567
2503 6944
1464 3640
5536 3673
539 8251
9180 7460
1931 5735
2645 5078
7428 4220
5556 2864
865 8421
8076 3209
6494 4810
4650 318
47 8462
6816 2380
864 6506
7366 4510
5900 3842
712 4651
6721 507
3362 1090
1077 319
2298 4337
753 1161
4672 6614
4644 7306
4128 4006
7992 3336
2092 3451
8090 6382
8542 9401
6231 9661
9043 7468
3081 6934
9500 9370
8791 4480
3025 8759
9008 9847
3053 3839
2048 6269
1313 8035
2366 7073
7586 6970
8713 3742
7567 4513
2083 9939
228 6012
3657 5939
3239 996
305 2031
4125 1614
7029 2851
8345 5975
6493 7981
1397 3949
4089 8979
2888 7828
9356 2572
5636 1944
6193 8214
109 5539
6762 7876
6375 5252
5110 4049
2636 144
5667 1230
2379 259
3122 303
7480 5123
5661 7077
8726 4741
1594 6570
9801 7510
9249 352
3048 1522
5672 2247
8954 2161
2006 98
560 9208
2468 6316
6427 6472
9930 1918
9159 6959
6268 1460
6512 3806
2525 8018
6700 9455
7216 4124
1283 7997
9580 694
1980 8605
4244 2342
9911 713
5468 444
9065 5617
6572 5900
7916 455
753 7135
2423 2614
6550 8999
1741 4014
3181 3232
1539 4782
9999 3916
9228 8011
7540 2275
9754 9518
7631 6594
287 8015
1145 9995
4572 4894
4861 2782
4219 3049
7581 5955
4515 1650
287 2767
9373 2592
5264 9093
128 1956
3908 6836
305 3346
21 1601
1535 997
9754 3223
7314 4793
5619 101
8609 3364
935 2695
4491 8059
1418 9982
9283 605
6222 1599
1538 3402
1753 3327
3496 2317
5818 8568
3612 3926
5100 8288
7658 6939
9566 8477
4906 8688
7860 5087
9116 6736
7302 6782
3260 6103
8424 995
5875 5288
5677 7518
5202 55
604 1898
4083 3403
5528 5180
8745 269
2021 1169
7483 1057
9749 8490
4873 1987
8864 7050
8526 8977
6926 1139
8634 5770
1745 2927
2747 8564
6986 4573
5594 2622
6552 8024
4143 6958
3425 6449
8408 475
3242 814
8845 4125
5139 3920
5228 6887
6792 6629
1897 6034
6255 4475
6852 4465
6602 3536
9817 730
7833 8767
212 9385
7769 609
6246 7809
5074 7588
7368 4237
6413 6754
7701 5844
9766 684
9917 5283
1104 8505
8002 322
3485 3551
4598 4626
416 6118
1453 5626
7450 4168
363 1044
9743 9718
698 5989
8101 8824
6792 2212
2534 8819
5428 5204
8873 2106
1746 1835
7647 3076
2100 6204
7582 3132
670 9394
6775 3561
3313 6197
3953 407
1943 5237
9384 3197
7622 5648
9936 5659
3216 1282
6194 4225
3824 8749
6055 8991
5037 865
5083 7397
1764 7867
7029 3040
7366 1679
1729 2662
7257 689
8072 8486
9774 5489
1611 8268
3383 8225
5195 2885
4633 1455
2848 2468
6395 8766
3723 187
2837 94
1482 7336
1692 6126
243 5398
7274 6641
7342 625
3894 6606
6473 1933
1500 6077
8599 2122
8387 8618
5418 984
1758 1390
7572 1760
6269 9192
534 8886
2848 4925
7516 2094
5966 3004
3317 9833
5428 5809
6285 771
7291 2915
5980 4107
2308 6637
1515 1339
8101 3952
7048 1467
9917 5901
5228 5640
3578 5151
174 4234
5900 2771
17 8717
8851 1676
2880 5752
3661 3873
7188 4106
3370 957
5670 3248
4118 1345
5124 7919
8338 7921
1249 3970
1201 4976
3804 9291
9107 4756
957 149
698 8822
1940 7530
3562 8711
9276 4942
8032 7356
8560 5526
7421 5253
3783 4923
5990 8972
1903 9045
1948 6078
9267 665
2384 6645
9949 8081
5346 3164
7890 8296
4299 1891
371 3071
1835 2875
2588 9794
8247 4369
2049 2575
9396 2657
6316 5587
5373 4206
2722 6761
9847 1775
9588 3995
2389 8803
2107 7656
4299 1783
3774 1144
7609 4499
5603 2389
7547 7031
3058 5663
2512 2457
2825 4903
9585 7632
2019 5971
2752 3378
2760 5188
1834 7911
8128 1536
6207 9858
5759 6699
35 5313
1803 7780
9749 277
4069 6811
9454 8502
2085 2016
4844 2872
5577 8644
4281 5913
5527 4097
4269 8562
5148 5498
7846 4977
2524 2817
6426 4425
2041 5329
6260 457
5520 4848
6337 1872
1340 6679
5416 8174
8936 9680
4423 3000
2809 4383
825 8219
2504 5733
9911 3843
9200 4542
9265 5654
5194 8246
6751 8278
3774 5708
7580 1192
6233 704
8419 5145
8467 8828
6939 5296
7696 320
8786 1640
3185 9221
1764 7801
5095 252
9026 9694
4456 6452
8293 3464
5307 8244
534 6592
1005 8163
1148 335
5900 4328
8522 6670
6514 1747
342 7819
2517 5271
5208 3283
63 298
8251 3174
3368 3865
1881 8736
7540 5297
8048 105
40 543
3190 826
1748 744
2753 34
5766 3695
4395 2621
5747 972
7581 2561
1858 1555
4361 4434
1288 8343
2850 88
4531 452
2507 7333
5941 1188
9322 6322
5851 4678
9819 4913
1479 1643
3982 4559
3283 6773
2880 9766
9644 1125
1581 4256
4926 1331
9069 1833
7252 413
4516 1167
3511 1123
1453 4781
9768 7698
974 8947
5950 2068
5110 8507
1268 4735
7054 5501
144 3767
8048 7113
2695 7626
7917 1971
5977 5059
5704 3180
9334 2868
5526 6291
1374 7992
9373 7963
6138 7084
419 8028
4249 4098
9309 6258
1877 5314
4755 3677
935 6080
5852 3953
1836 4495
2072 1059
4437 7946
9111 2193
8238 8684
1638 3692
9611 4694
8062 1813
3796 4624
7718 9816
7218 7729
3897 9550
6426 3299
2642 5130
4244 5164
4340 7087
6310 5339
596 4641
3428 8025
6668 617
4347 8066
5076 8175
4412 547
8553 222
2021 5951
1209 8022
1068 8837
8616 4671
7716 2694
3700 7437
6368 8434
7003 6730
9069 6868
1352 7778
7128 2938
1259 9307
706 8835
3514 9906
6101 7043
6133 9210
7756 5920
2088 5604
8953 5646
1057 8540
2152 893
4276 26
5382 4323
1029 5997
6134 6173
6290 4
4555 2824
5549 8637
8649 7342
8177 5546
744 5949
1853 9534
9162 922
7491 7958
6123 1409
9748 753
946 9732
9826 3827
9906 9189
2365 3643
9139 4092
5126 7083
9551 6517
3876 8965
6455 4255
6875 1165
6194 9812
6753 7332
9241 9445
3634 1703
7095 6278
1471 1861
1581 1504
1641 4524
5221 3829
8381 2814
4907 6379
8014 9702
9580 8093
5058 7743
9834 4482
4243 7796
7387 680
7204 6157
8059 3473
5199 6672
4805 9256
3533 9851
816 7649
3989 7650
1881 7744
8789 6961
5905 2404
7374 337
8719 7131
5475 4742
6368 3562
6779 6314
2775 6910
1376 9450
7143 5773
1766 7915
6857 3201
7533 3255
542 7009
3952 6657
8451 6040
3478 1819
9980 4778
8450 4583
5332 6275
645 8827
6419 3914
5307 8662
3067 8371
5075 6878
5382 2605
8590 7488
5827 7156
9749 6198
2813 9659
9086 5625
2152 1511
8984 7563
9123 8661
1027 355
3160 7673
7119 181
1423 7939
678 2830
7219 4734
4650 5665
1355 305
5997 491
756 3689
9001 2898
7457 590
1741 5481
1407 8345
6335 486
8594 2022
7589 4681
9285 1381
5290 4426
379 6038
5947 1020
4808 2696
1867 8222
6705 8017
2009 169
445 5345
7276 3524
3155 4538
450 4642
9540 3943
889 1077
3368 5585
9331 9956
938 3413
5026 4208
4804 3341
8055 8631
1307 4973
2702 9144
9464 6284
7573 4161
1771 1172
2070 5669
8085 1340
9355 635
9155 3728
6314 790
7515 3927
4164 9289
9226 7580
7343 7792
4233 3646
6783 4422
9577 3084
1352 9940
9623 8155
2811 5007
2071 4443
7859 3629
2406 986
8688 4908
649 7982
4345 854
8787 2901
7173 7731
4890 5609
199 2040
2186 3871
9594 5589
2956 3789
1720 1597
7993 8934
451 9845
9854 3190
3028 2093
3618 2861
5502 9411
1548 7384
8419 6423
9639 8341
1294 4764
5955 991
8434 9929
5165 3575
6782 7859
6100 7007
3765 8630
6960 5650
9625 7396
7782 8727
5445 7012
9036 4786
9559 2612
7582 974
8695 63
7228 8555
2149 3184
9322 8297
7118 1513
6255 9217
5759 2634
6523 3555
366 3977
9609 2325
6708 4503
4894 9016
1176 813
8546 8426
7890 6580
3695 1458
3511 883
6307 7313
9154 8053
8278 6396
6170 6261
9072 6671
294 317
7045 1506
7952 2210
1420 9962
6556 3035
7301 2923
7344 4313
6922 2338
1412 5119
6202 1231
9812 3973
4249 7120
1623 9503
2270 683
9458 8814
1824 633
855 3215
7873 6468
6242 1303
5261 384
2486 3721
2685 9300
8263 4704
4011 4444
296 6900
7166 7286
6467 9234
1484 7065
3781 720
3896 1461
4281 7459
4870 5373
9507 3229
7815 6648
2586 9671
7335 5782
4198 9410
8561 5980
8425 5116
5436 9433
3027 6152
4548 2326
7459 2556
3409 4231
5433 9364
5485 1152
9124 1892
2362 6930
4382 8938
9511 3055
6139 1713
7236 3975
3821 3394
9108 8714
9051 1498
4708 8815
4295 4216
7466 1404
7101 6904
9348 1721
6010 5359
2813 5755
7429 4491
9079 550
450 4576
3906 8312
5967 1727
5772 3208
7255 3291
3951 2578
2399 4839
4880 9457
8101 6237
9353 8373
1163 6619
9772 5553
8394 4769
6386 4010
8296 1982
9333 7906
7523 9643
534 675
3338 4714
1750 3154
5981 3732
9401 1624
9906 8707
4834 7247
7366 6892
6029 8095
1605 7839
4330 6667
827 2361
9748 7037
1623 5678
1881 2001
2218 7056
4778 2104
6194 2914
8516 8936
5679 3259
9455 6677
7939 8632
3450 7493
2583 7642
67 5467
3348 8677
3971 2240
3408 3066
9748 9373
2496 3738
7184 6218
2072 3410
7782 9587
4886 3744
3071 936
4120 3945
5864 4557
1846 8702
5172 9699
628 1454
3791 6631
9482 7574
1786 5160
7689 2310
1156 2778
4781 6552
2310 6069
4148 1684
2754 5551
9385 5426
7968 9575
8443 8407
5183 8932
2096 8476
4147 1432
2956 9334
5903 8992
7021 8159
2164 208
398 3220
9460 6889
2366 608
2861 2802
8659 6840
1702 9195
5928 1064
9978 7754
2103 5338
8792 9584
4128 1045
4900 1790
9261 8113
4015 350
8851 9935
1416 9777
4205 1908
9443 6777
5670 661
9109 7426
6165 9005
6827 3203
8802 3519
6499 9753
7111 8102
6977 1686
3133 7667
1438 5190
7811 9496
8630 4166
5550 4393
185 9770
678 2469
7188 9453
4483 4898
7359 6073
3226 8016
5446 9826
916 247
7531 114
5638 5566
9222 7316
6705 6488
3923 1942
8914 4460
9309 7470
7869 5771
4808 8980
9619 1768
9609 4729
9805 6361
2594 9092
3852 2412
9863 7763
515 9887
1358 9115
5885 5113
1124 1337
6721 5385
8906 4757
558 431
7608 8332
5724 9891
7083 7464
1417 5265
9211 2589
8698 5222
6747 1358
4575 3911
8078 7988
3104 2145
6880 8303
6179 9653
6112 3476
2545 8045
4708 2225
5705 1368
4860 5248
4041 2176
7230 9998
1207 7764
890 5842
9094 4296
6886 9407
6893 6148
9627 5513
2540 1635
8622 3254
308 4174
8594 7622
9477 7969
2070 1228
8207 4732
9559 6318
1293 8181
1517 490
2406 7041
7970 8697
5752 8394
6581 1079
6457 1501
593 1310
2458 1983
4665 8284
7337 6017
1683 7585
2294 2289
9819 5575
6728 1479
8109 5715
9076 8685
1736 1180
7250 3510
9058 9311
3633 6501
6608 1791
9691 3296
2117 1811
8345 9109
9459 5161
9507 5875
1112 4884
9894 9667
1897 8079
8937 9142
663 4765
6198 5720
9697 2185
12 5478
1933 9170
7774 7428
8247 7877
1205 5987
6929 4892
953 6180
9065 8509
8162 599
7202 557
2911 1160
4096 9951
1266 2439
8872 4667
1838 4853
3526 4136
7998 1430
3242 4148
3326 2570
7025 4307
8599 1805
2293 1232
6969 8613
3483 3722
7130 9204
7619 1784
7725 8367
7460 7618
4003 5643
6751 3960
3086 1807
4433 4998
9166 4777
5766 1350
1468 3714
1336 7207
9497 7765
8741 4490
2236 2539
3113 4798
50 7409
5969 5092
921 54
1113 6411
985 7394
6878 4122
3209 8643
9675 6990
1657 95
2703 1372
1247 5593
4642 2489
4932 5446
717 3149
9760 2604
4039 6360
1453 3483
8820 3214
3140 9977
2501 3345
959 6065
4016 3905
3422 3395
1947 7108
5725 4974
7568 3148
6611 2852
5771 4861
9869 8818
2206 7224
2020 8791
8849 2989
7966 4591
3071 8951
3361 5492
7065 5129
2120 2956
4804 3961
640 6325
5932 5802
1281 8573
6286 6559
1312 3456
6635 4269
8271 3133
5899 5103
9507 306
2096 8907
4329 9976
6965 1636
5590 561
5452 8211
2840 141
6290 7095
5517 204
4147 6414
2901 5749
3594 5447
4043 9511
9561 9065
3205 6160
9702 3820
6548 4852
2511 8452
1227 887
896 7432
1629 638
6567 3818
7150 4139
4345 8240
3980 7590
6164 9706
5579 8787
889 5443
6264 2999
5663 9949
1531 3863
7696 3036
6109 2307
3091 8101
3152 9774
50 1611
7290 9932
3305 9787
5318 7
5125 2810
6596 1378
6852 1304
249 8092
2875 1279
8814 109
9600 7205
5011 4896
5856 3968
3619 4177
6625 5233
5375 9788
119 7753
3216 791
1995 5552
8445 9287
1946 9568
8992 3498
2588 8806
4167 8597
1483 5377
7133 9288
7400 2233
7593 147
5579 9968
7553 1243
4899 9980
5596 5707
4237 3179
3065 2958
7345 5909
7753 2765
5354 8574
6767 1502
4140 8844
9080 2042
3494 7686
8659 3446
1293 9309
9113 647
3992 4930
2827 6176
7017 2552
3885 8510
6708 8627
8292 7301
4254 3654
6193 570
1549 1772
5628 4733
2013 6373
6058 6532
7336 4934
1830 7154
6697 4947
1680 3423
8280 4739
651 3547
5157 129
4334 6737
3154 10
7833 6908
9447 6013
6016 3273
9779 4537
5244 3925
3458 1855
4516 5172
3882 7515
2627 2866
7568 9727
3072 3216
9121 4658
4458 5352
3253 2510
6572 2565
2848 6662
7459 1082
6399 3805
4483 8270
844 2383
1996 5335
5267 1670
3474 2859
7777 4774
7601 2828
3900 5182
8657 5318
1931 9555
9765 1582
4732 1548
7660 9558
4604 50
6922 8811
2834 7787
850 8176
8541 8031
3439 8126
2043 4484
9412 6540
8832 1535
2016 860
2594 8973
7191 7925
8444 901
3346 206
2643 7145
6476 8882
5586 3126
6183 7317
7540 8981
6098 7209
5160 8912
767 7481
5411 2078
1591 4481
7908 4654
2324 8681
6336 2018
3681 1485
4331 1567
9577 4109
824 6150
4275 5607
6783 8601
7349 876
864 8474
2488 5527
2061 3733
2262 3494
9325 1831
5467 3942
825 7728
2711 1105
9261 89
3755 7971
3765 2997
4343 530
6142 8726
4251 5142
8363 4308
3246 4832
2139 7709
2434 4890
8268 8622
4636 1691
3139 3659
6795 8998
4252 8898
6124 162
8522 3025
6362 6864
4967 249
2208 7701
2148 1234
7733 2047
2633 2740
8541 4435
2624 7121
8085 1223
9499 5636
2239 6233
5632 2036
5084 9815
2653 4560
1198 8188
3146 3675
7609 412
8620 9087
4325 4286
7210 7496
8762 4969
5321 2295
2808 354
4588 2121
6023 5196
252 7411
2471 6596
8522 6650
6572 9841
3483 5818
1566 5214
2512 1645
2341 3224
1200 7042
8543 3447
8192 2466
5781 536
8286 1081
5226 9588
5796 1110
6644 682
5620 9515
7009 5533
38 4018
7010 4940
5277 8358
2970 9060
1251 1796
3069 9039
9784 8319
3296 9984
4275 3889
2642 2290
7707 7497
448 5084
7399 5166
8242 2408
7683 495
3058 1710
974 8577
8260 8878
8926 9227
4096 4826
56 1298
8316 9712
5623 4686
7021 8108
2702 7646
7752 2665
8363 375
1308 3848
2259 7076
1743 5762
6483 4497
8193 5562
2659 5734
3676 4095
6948 5765
6783 6186
4825 2841
6941 4594
7189 6874
2581 1879
8087 8963
6943 2159
2292 9360
9482 6718
8229 5340
4604 2091
7721 8842
9605 2853
9787 120
1512 4415
6636 2618
8377 5211
1228 2441
7401 6356
5025 1037
5603 4986
5274 3993
4078 934
330 244
5908 6265
2976 9359
7754 6925
2365 7219
3184 5861
1668 5830
5035 4879
7931 1108
2848 1482
1234 5080
6946 7883
9866 534
4162 4725
4117 9449
7768 4056
9748 8880
6255 5262
6663 2118
1917 7739
7578 2912
5031 2141
9627 1945
3241 7011
9623 4455
7214 1174
6164 1882
5966 1897
3833 3624
1511 9387
141 8427
9632 2410
7777 1701
4798 1273
1589 3564
7301 1183
1404 3518
2981 9652
9770 8652
5818 6469
6604 3177
2643 8610
7321 6238
3040 9478
4525 1528
5440 861
7119 8763
2769 8197
3139 6976
3559 1671
7263 4984
864 2234
3274 6383
7877 2928
5436 8740
5632 8386
9715 6622
3089 1907
9766 666
2083 2392
1720 2340
2126 7983
9156 3891
9911 2252
6757 1069
2285 9696
3214 6224
4351 3455
4098 3238
2435 3490
7316 8351
7228 8238
4174 789
4129 1541
8101 4376
5565 8224
8818 9615
9837 209
3723 4236
6408 1450
7877 137
528 7401
2009 6886
3869 6690
3948 9723
7501 4990
4825 7781
1218 9245
5012 7378
4149 6451
7557 7487
4696 433
1722 9946
6975 8034
3276 1867
5173 9403
6066 4022
150 9791
8369 9802
2822 3094
1500 7803
6944 3244
2420 7480
7688 8357
534 1042
4264 143
5241 8756
4357 334
7221 5215
9571 4883
7344 7500
4198 7107
6913 8216
1746 1012
7560 5583
3962 2437
6002 5326
9458 9557
3717 9665
9968 7858
5095 9991
7738 4808
4223 7581
3999 3901
7507 6107
4680 7268
8543 1300
4380 6747
7274 3361
7513 5629
963 229
8595 9303
5873 3576
2213 7200
8966 7001
1778 1610
936 3021
2524 7321
6008 2983
6152 7606
3825 2674
8271 5163
2984 1829
7221 6625
2037 1955
1877 5938
6094 7372
3661 3734
9167 1285
5271 394
668 6589
5503 3935
7149 5702
6165 2822
4874 9591
3847 5321
5430 3127
1465 4129
3433 7704
1824 3015
7259 9216
9909 811
8322 4283
9798 9574
8086 9668
8105 3531
9600 470
5508 2414
7869 285
4300 6471
9507 2228
8591 5639
2918 549
2981 5035
4562 3438
8593 5685
9974 9692
578 4457
1806 5482
5880 2932
646 4857
9923 7660
8202 2538
9188 5750
7615 4956
5901 6438
4103 3045
8951 9715
7734 3372
7191 8048
8342 7392
2387 9786
9706 7783
1858 9442
5296 2507
7658 1512
887 2300
2318 6919
6167 3002
5304 5522
6749 7299
8208 4544
8244 562
909 7953
8357 8050
9884 7947
9741 7898
3190 553
1273 5382
2620 6587
5631 5772
8392 810
2669 6745
1501 1533
764 9413
2159 8858
9744 1901
573 5644
4652 8871
1751 2876
9634 7368
6835 6147
6427 1663
16 5992
895 7092
9854 2941
4957 8689
7613 9861
7623 1652
2851 8563
3183 2620
2637 7062
7191 948
4813 1181
5420 5831
7113 5458
2115 6199
8746 2627
4205 544
3208 8985
1288 499
1995 2347
3079 469
7335 9708
9801 728
1399 3750
67 7512
8808 472
4098 3077
9061 4072
356 8517
6885 7149
323 1695
2117 8581
971 5114
947 2542
4176 5333
4983 4638
9026 1984
5963 8567
3067 4902
3703 6052
67 8801
4401 8834
3078 1799
8995 8040
9674 3373
5365 5090
1767 4159
5375 5549
9123 2977
5260 4744
292 9040
7670 2248
8685 765
1319 212
3104 8473
7562 436
504 8401
982 9194
4019 3376
5779 4033
493 3782
5517 1818
8030 9586
864 5940
1480 3957
5423 8535
3422 4325
8573 6603
9495 6353
2341 1024
7210 398
4961 5508
790 3924
7309 2097
4198 759
3917 5472
6534 5484
2996 8539
8028 8614
6457 4217
2620 560
3478 820
1115 6582
404 7473
8205 6971
9600 9156
7594 401
6948 8103
3624 6243
9854 7760
2203 393
2072 6060
5093 5933
2078 9258
9535 7714
5239 1557
7314 1286
8022 2541
6282 8952
8169 5183
5350 8420
7503 3144
9798 3105
4144 6659
687 254
6154 8888
9926 9154
6633 5853
8746 6628
2746 4819
3967 9857
371 7309
7208 9733
1312 9058
6073 4469
7434 1445
6267 9704
2965 3173
7946 2788
9470 9059
7946 573
5255 2790
9155 9950
4637 1465
4671 295
5415 7623
871 6548
4596 8752
6955 5796
9207 2943
5864 5005
9992 8582
5195 4358
2215 8458
9682 7373
8694 9713
2085 6362
8310 1385
6957 2809
9605 4157
1561 8873
8250 6703
5452 4364
125 6098
6 5881
1893 6313
4835 3678
8224 8636
8494 4067
8981 213
6594 5093
6269 9497
866 8432
1688 4568
1163 3700
829 2363
1956 7537
3487 6385
2620 118
4727 5249
7432 2930
3130 9494
5118 2690
3607 3003
8961 9316
7640 5848
7252 9644
2307 5256
5472 8520
9801 2059
6468 379
7509 1349
9212 1435
2646 8105
6624 4827
889 2535
5679 9789
7993 5828
4936 3329
663 502
4193 4453
299 8856
244 4719
8594 1278
2343 641
4321 4867
1267 616
5711 8694
1967 3508
2435 1398
2803 7944
6683 159
8893 7926
8850 6307
1238 7499
5526 2232
4493 3109
5334 5674
7388 8764
2873 6175
3100 4905
1907 3578
4572 6556
7652 6329
7533 6378
6269 6598
9403 4362
9155 4031
180 9672
5436 9226
7247 8616
9198 1634
8736 9682
1582 7551
8149 5455
9585 8166
4960 5217
467 6588
1002 9901
159 2271
6255 1573
995 291
8240 6741
3924 3086
37 7879
503 1936
3543 2576
8451 9526
4866 226
6242 183
6849 1386
4490 1632
1867 1546
6972 1456
3818 9870
7792 9597
3885 2461
5333 4509
1762 7616
687 6604
213 2749
5127 1142
7711 9379
9819 2869
8936 2522
4478 696
99 1186
2182 9141
7039 9215
4083 5536
8649 4680
442 3511
378 5970
314 8429
6552 5835
9587 4145
330 1469
7066 5827
1808 3194
1500 7242
906 8755
9053 1242
1594 461
5649 7495
5990 3358
7208 1975
6220 6264
5353 4464
3885 2703
1383 5610
2875 3069
3683 5723
3547 429
8058 5528
8861 5623
3567 5282
3293 3996
6562 3934
4903 1905
1467 541
6652 8294
2471 9257
8253 3902
2759 9660
3550 6483
8062 695
2227 9799
9157 2359
7670 7230
8054 1743
9172 7326
292 7377
834 1244
6852 3107
8851 6453
8142 5764
7951 2032
3520 80
3891 8883
62 9251
3609 2488
3373 5924
8149 6302
6592 4055
6850 8780
2342 5184
9425 430
7240 600
3083 4135
5711 7689
7401 1420
6306 2651
2027 9229
7336 8121
1837 7119
4177 6328
2153 4615
5740 9329
1984 5597
9635 6282
3893 9952
7917 4841
1921 64
8567 5889
1354 8547
1306 434
3255 6174
1092 8318
5901 2494
6787 106
7891 8760
3825 5509
7111 9063
5545 2795
9922 7665
6660 267
2085 1074
3951 7311
6379 2203
9746 7668
5826 4242
2426 7002
316 8447
2381 1072
1566 7541
6465 967
3953 2432
5064 4858
6413 2497
6029 3029
6126 8331
6219 9276
9017 998
7076 1269
8639 9683
4790 2525
555 219
2674 6141
5666 3098
4451 8428
9205 2631
3838 1260
5350 6770
9218 3095
6661 1148
9252 4140
9902 6208
8963 1822
5843 9820
5886 68
9356 6183
6123 5673
7432 2422
1868 4472
1198 9602
3285 4201
2662 546
5891 1351
4943 2595
7587 6682
9271 6755
2728 6498
8469 3623
9773 7410
3338 8413
263 7523
6992 4486
3752 819
9034 8010
3511 878
856 345
1783 964
5678 1364
4855 7972
1107 3081
6492 1288
2813 9817
8011 2785
5299 3933
607 4155
209 7529
483 2170
5629 4333
9295 4910
8424 8552
3131 2700
6070 548
9476 757
9792 9099
9441 4146
4322 6812
6115 7609
9019 6897
6982 3030
7622 1633
3015 1707
3080 6266
9959 581
7758 3894
1591 8849
1201 1524
4714 102
8353 9961
1928 7451
7240 4722
4832 8725
7627 701
3051 6733
7349 7109
3494 6256
9136 5388
7553 6121
9253 311
1598 113
6152 5811
2434 4586
7100 7307
9082 2119
4089 723
482 6617
6375 1655
6761 4091
5482 1034
2574 7454
4415 7245
5779 9888
1400 8355
7754 1802
5799 2138
9226 1201
2870 7452
2400 2090
738 2530
5237 4357
9373 3880
9801 9282
1838 2323
3579 2701
5345 7273
3027 5342
6767 435
399 216
7513 8398
1670 4846
3195 6094
1352 9869
8062 6590
1592 8538
4978 5651
1628 1816
6074 2319
7044 5560
5545 9145
881 606
5951 3417
3706 1321
279 8085
4586 3060
189 4893
3728 8664
3174 908
4149 6442
5589 7875
8392 6128
510 6153
7659 2049
5472 7246
761 1039
4176 3054
6058 3371
7689 7553
311 5943
1701 7784
6861 3466
3351 6583
9285 9499
9192 5107
4299 7325
5966 1338
6220 171
376 1615
5276 8704
804 8212
5940 9687
7122 4180
8942 9281
7412 7137
9310 6001
4198 9084
3403 7160
2797 5364
137 2501
9495 7215
9679 4592
6892 456
3373 6234
7735 1899
1726 9655
2471 3393
6454 6875
5267 9823
6991 4636
6699 3939
9908 3597
8560 4907
1526 855
8126 6372
1386 6739
6969 8903
3717 3950
8741 0
1724 6734
4800 6802
2248 7148
7375 2882
4412 8612
9608 7398
8414 2988
9778 9795
2529 4394
195 8346
2191 1366
4281 8314
8939 594
7505 9529
1318 5413
5821 1054
6144 3693
4509 35
1221 1050
7874 1667
129 4730
9310 8350
2310 7366
8461 4389
3072 5437
362 7183
4262 3726
5545 3226
2849 4870
6562 3573
4437 51
3609 6315
8273 4274
4137 2270
7230 5658
1401 2041
2441 6509
2519 161
7214 2388
1312 5611
1692 2863
9589 3052
3307 7303
2460 7138
1228 7869
7606 3851
4219 9748
7870 1911
6120 5914
5691 9709
4070 7181
1355 2396
462 3347
9180 5220
9099 2114
4593 577
7483 6346
3634 9768
2818 551
3573 7314
3800 4324
3091 3598
7790 117
3433 595
8662 46
7476 1876
3033 5579
5875 7436
9855 5022
4934 9622
5722 4713
3600 7124
8942 7913
1996 4536
1158 5386
55 6756
3809 4265
8643 2140
1786 8338
9019 9301
7121 3526
8194 5697
6611 4215
5511 3604
6660 8537
3427 2069
371 7608
4187 7715
5940 9608
1520 8111
7817 8864
4825 7477
6602 5563
4360 3442
3663 5500
4721 6602
8785 2839
6259 7146
767 2360
1892 6936
2508 2738
1024 2659
3126 7217
9019 1730
5402 2506
2308 2569
3077 6049
1642 493
8021 8226
4179 4454
807 3600
4755 8522
6878 9002
9636 3769
3450 6496
6086 5767
8720 8200
1394 364
6220 6521
1084 3585
9114 2906
1342 1665
7121 6922
1498 5854
8747 1163
5944 7111
1248 9880
4534 602
4886 9392
1352 1306
6388 857
4148 566
1200 8082
9959 3348
7768 7645
6070 1221
4247 3928
5682 816
83 6292
1191 9201
7199 5916
6000 1391
6796 2493
3613 3790
7157 8659
2415 7074
1675 2346
106 4963
5391 9914
5711 8872
9691 271
1881 6386
9157 4013
6445 465
5030 9642
7480 6050
205 6110
3331 7231
1786 83
1278 3814
4232 4414
2461 9297
9147 5661
644 3676
9719 7284
495 9740
8064 301
7360 1151
3407 6408
3646 8676
7263 1218
869 7214
9878 6819
7185 4008
4728 5934
9327 1283
6661 2318
7540 7619
6189 9907
1148 5582
2762 1947
7471 1369
3290 2332
1058 9035
3391 7339
8744 6597
8055 4803
8703 823
9682 3847
4369 1507
1958 3815
7212 8958
4344 2682
9242 808
6779 6595
526 9561
8246 3472
9795 7292
111 9992
4010 5667
1176 2917
4123 1343
9677 362
559 5429
1672 4252
9394 1471
6713 6133
6386 1308
1280 6357
1118 4080
8423 1950
5484 8266
8963 5570
3708 8870
4116 293
4427 1912
1877 870
8802 8133
8730 4581
6816 3457
5759 2994
3433 1468
4704 3846
7027 1462
7861 3085
4213 6763
1012 6434
1793 6999
6841 3672
6113 9120
2056 1222
3246 8142
1050 1478
79 5219
1541 7165
476 2640
4850 1577
3432 4104
6479 2946
9230 3941
5002 7044
8347 1150
4926 8217
4658 589
4179 8468
8723 1666
6616 2133
3400 5468
982 5602
7171 5095
8409 8565
7213 5506
568 5504
6812 2947
3983 7482
4676 9395
2668 6458
8841 8424
6339 3932
1707 529
974 2893
5485 6760
7054 8078
1187 1954
9015 6510
1 5541
799 5521
4821 1532
7599 186
6692 1202
4054 9469
9940 7204
9725 5101
5618 8228
9562 4814
5391 6236
993 2475
1179 5634
9826 7075
6686 4807
2183 9920
4944 8405
6021 7800
2246 7236
5197 6370
7466 7362
3543 8620
7631 9415
8137 656
6445 9030
4613 428
896 3710
5239 3334
849 9556
9497 110
38 9314
8600 6015
7858 3163
3133 9624
5275 8360
9000 2953
7446 8588
2881 5882
4431 7712
7710 7843
1294 4695
4176 2009
8863 1406
6113 8678
1352 2650
1510 7208
3400 9106
5828 2803
8333 5792
7163 1968
5230 7018
9936 49
5680 9735
9250 6632
7502 387
2577 6531
566 1862
9886 6055
4796 9651
3905 849
3698 6935
8746 8526
1432 4228
599 7637
80 427
4725 6738
7054 9501
8630 6365
6496 6995
5611 3569
7450 4519
8293 7948
2536 198
824 292
4607 6867
1763 3429
2602 8402
796 5599
906 3256
5651 6795
1640 5695
1308 526
55 7550
7080 7810
4332 7049
609 525
3267 2524
9148 2167
3164 3860
1596 9560
9333 9797
5765 895
5677 4983
1840 3770
7122 2559
1844 1674
6092 2458
8996 1480
9659 9674
5100 626
6827 9737
3955 7220
9311 8173
9817 168
2857 2518
2814 1653
8114 9881
547 5137
354 4971
5436 9593
1946 8195
6535 6303
6812 4854
7161 578
3276 371
4850 4773
9824 3217
3602 7711
8519 3406
3319 6376
8763 3766
6471 1299
9946 9973
5486 7091
9092 4170
6774 290
9817 9041
4509 8802
7996 5701
2994 9181
3571 3042
2151 504
5836 8493
4129 2515
8215 8862
7274 2683
6725 5393
5107 9781
49 8256
8008 9323
2631 3063
7777 6192
3097 8491
2555 4007
6371 2357
1758 2909
8222 2378
7811 1346
8891 2473
5391 4063
6029 8255
3180 7442
2103 5832
6573 542
3362 2006
7125 3233
7307 7182
2508 2848
7578 5430
2968 7973
3718 9188
6034 5862
8630 4768
7778 1290
869 653
5568 3322
2189 772
4781 7638
7952 8236
5606 5011
2285 6832
389 2187
6995 8879
7506 9354
3354 4868
3113 9909
649 6921
5933 158
2072 8710
3145 8666
662 8846
2176 6818
9757 4061
7692 5545
5230 4387
825 5871
924 7799
4260 7535
1230 7088
464 8309
4719 7295
1180 5281
9936 5460
4146 1017
8499 1063
835 1311
7791 7887
6865 2245
342 5350
2484 7055
3716 1140
3814 1446
5011 8342
2702 8446
4998 6831
8076 5777
746 7096
137 9792
3659 7924
2981 2613
4304 2478
9918 5978
7571 1589
9608 7213
6064 920
6683 7802
4544 3399
5258 6943
7450 7486
9133 275
1397 906
1722 8839
9167 3306
6302 1731
1484 7964
692 8967
50 869
358 985
7348 6391
6667 3549
316 988
7121 750
3377 519
4412 8548
1583 1712
1209 7163
85 3980
4011 4188
910 8264
5473 8120
5633 5140
1426 7097
824 4548
7543 1089
7744 7266
3296 1698
7991 2942
4512 1208
3825 2722
6884 9037
6723 9843
3688 3656
3917 5465
7432 2426
3961 4717
2120 4926
3011 933
2689 5083
1677 6571
9903 5538
8741 7991
5875 593
7389 4944
7344 1266
2897 9169
3778 287
2415 9654
8516 4345
3020 7024
168 7374
3067 1888
7678 509
7725 7909
9697 343
9497 8125
2668 607
3120 179
5095 9126
5532 7895
4517 747
8030 7498
8794 4447
7285 3143
1179 2924
9267 6882
2954 6562
8854 4232
6672 2162
9897 2030
7281 8807
166 7836
6441 4629
3636 1119
7113 5961
8169 8680
5110 3368
8802 4163
5196 3142
8523 2533
4645 5254
2598 2820
6478 4403
6078 2483
1606 2974
2619 2879
9792 9224
6198 1316
1263 3803
5452 9605
3657 3514
2051 8959
1867 6169
5513 203
3412 1239
3148 2590
1868 7296
4158 6196
3874 2990
3965 2583
3963 1756
2765 8487
3326 8783
2572 9075
7682 8575
1029 1542
5228 5817
6248 248
4775 4788
4047 4086
8192 3200
2674 1394
1806 3570
3948 5275
6011 3718
9930 4970
5486 7280
8667 9091
2072 6429
3663 5557
6460 6439
8530 1623
9956 5144
4992 7647
9186 8609
6558 2251
3989 3182
496 1550
8350 874
8212 3384
6949 5556
4700 9875
366 1211
1312 2072
4281 9928
1062 3129
9146 5396
7444 2236
8801 5886
2020 65
3592 5855
5658 9965
2492 6476
1145 3019
2774 9572
6865 7669
5901 8151
1322 8021
3951 7141
1611 3694
6876 5054
9212 7039
3429 8722
3765 4241
3279 6711
4308 2948
1501 9420
257 8865
2800 6713
5964 5174
7533 8478
5929 1689
4063 7732
8490 1806
3201 3795
6728 5048
9584 4588
9683 2315
6782 558
1372 8902
9324 3136
2023 7142
944 9889
2340 4634
7446 1477
2534 3453
9631 5013
6372 7749
4607 6519
6883 8453
7065 3771
4587 4820
4960 7546
1156 4066
6811 8550
5579 7066
8437 5972
5376 4751
7110 4416
2530 715
4596 624
3883 9319
445 6125
3778 5361
3949 6640
9090 6244
5148 4749
67 5950
6010 2004
652 224
867 112
5476 4285
9247 7359
5888 2280
5370 4569
6100 7532
7652 9960
6879 9219
4395 691
62 1526
4613 6283
7335 1393
688 2
3176 2115
3845 5657
5351 1028
8222 6326
8643 6319
9464 5788
7700 1491
38 2108
1311 2610
3066 9073
673 138
5786 4339
4803 4579
947 2858
3319 4500
4098 3972
6670 6493
703 5615
916 8877
2378 9840
5449 8073
5638 3579
3766 2223
6714 5718
3049 2582
6700 7540
9019 8124
7709 7740
1974 3196
1038 1525
2098 1276
8109 4412
5177 9492
5012 9159
6319 880
240 2484
3569 5442
5033 9218
3304 1495
8909 3418
3262 5965
8952 378
324 9244
5312 1436
308 1837
7988 6229
6276 136
9101 8728
7518 830
284 2877
649 1312
4725 821
4680 5774
5662 8729
3890 8543
2381 9454
7491 7759
8181 1561
5464 8744
3550 1241
6855 9009
7495 3448
1877 8874
2886 443
1012 4639
9778 5277
6826 2013
8561 8733
9194 9134
8783 932
531 552
1675 940
6253 7978
8662 642
1516 6774
1148 4392
5420 6994
2380 692
7868 6002
4794 4088
916 622
8522 2096
3656 9372
3967 2818
8746 9388
6708 9726
1393 8545
4235 539
496 3833
8249 5320
9687 8141
5745 7400
2127 2353
1242 913
2045 1008
5623 6085
1710 200
5407 9512
1962 6837
3216 9837
8765 8741
4247 1717
7318 4114
6438 5004
1882 2643
8251 5258
3319 5239
7689 2485
5266 7708
3778 3080
1558 4919
3681 7577
5355 6962
8865 1630
3276 5542
7526 4184
8747 9222
1648 2597
789 9023
6298 8794
7895 3529
1824 8192
2712 4682
3856 5070
4594 7022
9632 2970
5867 879
9175 6932
3722 9685
8963 2057
4176 5462
8086 2952
6824 8207
5859 3620
668 2209
7271 7435
9766 7750
3100 4390
7933 3124
9183 8863
9921 6577
146 2743
5194 1136
6663 5485
1995 1900
8261 8029
9916 5186
358 3565
7605 6678
1163 4487
3840 6536
7622 1397
9134 195
128 2056
9713 5537
7767 1492
3505 3513
1096 8634
5619 8603
6996 1874
8563 4580
7651 1317
1675 5049
9777 8410
5100 9435
971 237
279 5379
7065 927
8085 3235
891 6135
4597 2435
3613 1016
8530 1370
6143 7004
5462 1193
1191 9810
2285 4190
6650 1587
6478 312
7541 3781
1042 7472
8184 4116
9387 5902
3180 7257
8169 6467
1579 6401
4411 3332
5288 8560
1783 7857
3357 5089
7567 3366
6765 5896
9903 655
5412 904
2420 5704
8851 9426
6277 1648
9100 6195
7354 1043
9422 6209
3594 9647
2049 4485
4628 1761
4001 9742
8743 6860
4407 4502
3284 7620
156 3420
5939 1508
7189 9462
7996 9033
7083 9975
3503 1773
6056 8674
7516 6824
823 5088
687 5981
9209 5993
9991 2996
9600 7312
1885 6834
6556 3520
6487 1434
3978 201
6051 4287
5567 7621
4619 4664
863 6557
3148 3881
3836 8190
2420 4899
5978 2725
3691 6789
8467 5477
1447 1360
7863 115
2234 464
9484 5272
5784 4064
1140 5266
6092 1965
8138 993
8719 221
964 839
6425 3831
2598 7278
6708 5580
9089 8799
2253 827
3216 5341
8851 7695
6960 3357
6490 9595
2522 9848
2259 6765
6989 611
4839 9110
1033 9196
2813 2857
137 3662
4361 7270
178 3434
4531 5732
601 8492
9252 1973
6663 5177
9211 7570
5675 5302
8617 9046
38 8271
9085 8922
4568 7950
6504 2151
1438 6104
4487 1609
6460 1327
7093 5929
3569 746
2626 4320
6653 9306
6104 5829
1611 9186
5873 1237
3703 3900
2624 8825
5332 4037
9492 9138
7608 3527
4101 1960
7470 3822
3847 4258
1187 5596
6935 1448
666 7816
6168 2444
2085 7914
5925 7412
1383 1980
4829 3537
4084 2666
9089 9054
1466 968
1980 7605
2473 8669
7378 7508
1249 5814
6469 3725
4260 1552
1278 3068
9903 7702
7348 166
1484 9094
4071 6460
5185 5922
7738 8430
1711 6518
8225 146
95 658
5081 4818
4188 3783
697 5193
9680 2153
3465 3388
6146 7128
1333 415
2965 69
1115 4888
5638 7072
8439 785
369 6495
6921 3862
8593 6850
1246 8754
3319 5670
4960 9079
6352 9569
1550 4964
4984 6992
192 3866
6143 4965
5675 8832
7511 1863
1802 1509
8409 3013
2943 2417
8240 3958
8763 5985
4277 4326
8435 5631
4173 9867
7327 2456
8195 7864
9136 5449
4638 8691
1105 8118
1661 3906
8851 4233
3763 62
8298 3532
712 1249
3060 2305
1024 7900
8109 4535
4726 8925
6269 1145
5169 8448
2812 5357
6581 3632
9953 6960
5115 3489
5980 2476
4894 5476
1740 8457
8268 3252
4510 4318
1771 1162
8460 9838
6473 3577
2620 9738
1101 1596
9007 3591
8325 9384
4308 6025
7608 1112
3027 8786
2081 4441
5341 8797
5826 6331
6113 7327
7481 253
8884 6988
7788 5136
7189 6268
3023 4062
7291 5727
4215 7904
8595 5838
6903 7079
1998 2349
1712 1992
447 5744
1806 7252
2769 3135
4813 9701
1198 7369
2698 4423
2366 3684
1354 1200
5626 8003
5440 1168
1152 5452
1463 7788
652 8778
3183 5074
1309 5106
7649 4280
364 1400
1998 8068
3806 5238
9728 2667
3781 6871
3700 3765
8001 9808
9185 2913
678 9854
2624 1296
9240 4017
8660 9629
8753 4195
9300 1853
2104 8356
9580 4876
7768 8001
9470 4250
5173 9697
3950 2371
6226 4305
4576 1076
9741 7453
6351 284
3250 4094
7876 9934
5486 250
2845 1830
9195 2446
6215 359
5728 1998
7658 5510
4010 4721
3132 6704
990 1323
5585 9762
7025 4779
3657 4310
7711 6046
5271 2661
8736 67
2318 3454
7123 6290
4549 5645
5234 1318
6961 8443
3313 5439
916 1229
2992 8013
2992 1826
2102 2257
2349 4874
862 9745
7851 5918
9195 473
1844 9317
3145 4027
2918 601
877 1917
2399 9835
804 2341
8746 6504
2875 1133
7957 4772
6205 6716
2722 9936
1440 7399
5918 4673
5484 5118
6532 3583
1800 508
6369 1347
9531 9524
7334 3682
6596 2292
2089 7929
7431 4783
9928 71
6281 9047
8616 3482
9923 9001
2299 6692
8536 3001
2751 7267
1734 6654
9452 9352
1871 8911
1355 1410
5985 273
8013 4128
3242 1842
3223 1600
1705 9107
8109 389
1218 358
6595 202
5983 2829
5628 6573
8396 8969
478 5688
3597 4635
8037 6821
9403 1889
6395 3712
9567 3983
651 368
80 1333
6556 2354
2564 9898
3230 4060
3520 6788
865 4040
9504 3405
5782 6114
7683 6710
4491 8416
5991 5699
5664 7519
688 5804
1404 1544
6995 9985
8614 9434
7833 2453
9242 2358
5665 281
384 145
7703 4329
4704 14
1158 1259
7040 6200
5233 1038
2157 1000
6991 5786
5826 4292
2051 1742
4023 1787
9609 8423
827 5037
8848 1091
1881 4219
7552 2066
4212 8075
2302 9581
5048 3099
1314 9477
89 5717
8480 4263
6897 7211
1511 7776
9587 7967
2744 4715
7341 7602
2252 2526
2914 2911
9959 376
5852 3503
8517 4266
3878 7798
2374 193
9953 1793
3896 2190
3861 5121
7228 2184
5779 931
2225 9640
2571 5847
871 1794
5582 3800
3825 445
5098 7134
4174 4534
5182 1880
5352 2291
682 8459
1172 6337
2760 5719
5064 1070
3376 1521
201 7863
2271 3047
7481 3717
8422 6486
762 3729
1868 8026
7197 511
8363 4859
3681 7755
3706 5075
4549 4303
8136 615
4185 6507
3058 1067
1702 3011
5588 3857
7761 2660
9151 4272
5084 7212
5834 2048
2369 4413
335 4456
9192 7693
4199 6526
5757 5736
3570 2568
4528 8916
5875 7189
1797 9785
5139 210
1570 2195
4031 7063
9315 4501
409 3560
7028 6350
5634 6016
2633 9010
496 5434
9543 8300
6225 7423
8811 3921
4573 2135
5679 16
8564 7198
420 9990
4675 3314
5074 7032
1058 8291
8350 1496
7921 9721
371 5375
8783 2775
6699 9679
80 4408
5632 7030
8128 336
7949 5474
8239 6216
3874 3157
9182 952
1501 1519
2771 97
3865 3108
3166 1121
437 1834
8590 8890
8986 2474
2178 751
3853 7420
1566 867
6943 4683
1137 2181
6078 2663
4771 4203
7409 662
2298 7582
6441 1668
5790 1149
9874 8884
772 3867
674 3295
6699 5841
9295 8948
3819 494
7282 7653
2633 9265
2523 2452
8817 2264
2960 1029
8749 9943
1074 5400
9205 9728
9876 70
2501 6113
7465 126
6186 5700
6166 9663
5913 2838
7838 3791
5078 5945
7266 9752
4389 6366
3785 9369
3439 4531
7336 1594
6534 3121
5429 3893
400 5284
7547 6207
7509 7938
642 4817
4066 4400
7947 7346
5095 7696
345 2086
7954 2811
1820 773
6892 4936
390 516
4531 420
2631 5647
4281 5907
3710 2671
4341 6675
9637 7385
846 1964
4533 2186
2432 1007
8925 3621
3684 8805
5043 7132
5521 3495
6116 6822
593 2723
8542 5317
9433 6279
1296 5812
6399 9096
3814 2849
8136 3582
6728 7322
3113 8171
3858 4878
1566 196
1629 2467
3320 7683
6792 7980
7425 3463
9403 9904
6239 3078
8460 2632
9585 7171
1316 3175
7738 5091
1921 545
2537 6375
8151 3459
5496 2926
6306 4192
5879 6599
1252 7970
4483 7158
5133 8472
7277 5820
9765 1517
2917 890
2262 8772
2355 4799
8078 1375
7329 1257
1675 2825
338 2796
4832 4050
1597 5120
2521 3290
4302 2801
2834 3521
9349 4204
5954 1875
9634 6817
2965 5
5014 6915
1239 6351
5922 4552
8126 9121
5468 440
2931 8005
2558 5279
5527 6911
9937 1341
7065 5240
9443 540
7116 5471
4433 3607
5412 3699
5071 3369
5747 7853
8907 7592
9026 4574
7649 686
1176 3383
3431 4736
6053 7078
9659 9856
3250 5627
5376 4355
7709 215
2829 2601
7318 4494
7624 5998
6084 5381
1679 8851
2835 6553
7159 5898
3425 1171
3232 1530
453 9067
4053 3628
8032 9620
9520 7832
6497 4917
2560 4520
292 6611
6152 2896
2525 3250
2120 3430
907 727
6259 7196
2078 3204
9869 1011
9378 9590
7794 1053
6145 678
9517 2286
9723 4340
2775 8730
8652 4467
161 5754
454 8716
1216 1603
6290 214
3853 7717
3822 8138
5006 1280
6886 8647
4071 477
5907 3896
3188 1850
9249 9008
882 9836
9204 5330
364 4477
3385 4121
4276 128
690 217
8967 6814
7387 4849
8292 4955
5554 9083
8474 6652
2744 8905
6206 2593
1421 8774
7276 4981
8451 2733
5431 5714
6092 3016
4273 732
6432 3838
1824 533
102 2154
5547 2398
371 2544
7475 9284
9600 4404
8184 5543
5721 9610
9374 2600
3863 5974
279 2726
9401 1979
4500 6494
8163 9806
1463 5630
864 2827
7144 4165
9365 7920
973 4985
3259 4897
9747 5218
2070 5032
282 8514
600 5117
495 9790
4800 4921
7926 6308
5801 2786
4163 5798
9567 9717
7652 7725
9321 1848
1177 5394
2304 6367
8295 3401
7173 2543
1488 8962
6787 7166
112 4023
5377 5383
8101 6955
9813 4646
7330 3365
5962 3269
4881 722
5429 1759
2048 1314
6385 3079
6725 9563
2337 6786
2244 7790
7003 5343
6060 4716
4016 4071
6202 4311
8920 9101
6785 2905
9598 1580
8864 8940
3427 6830
395 2109
3567 8530
5864 2939
5969 23
53 6021
5717 3680
7152 4540
5794 9296
8560 19
1027 5705
5984 1994
2252 797
9953 3326
7754 6042
4939 5520
8793 4162
1207 2374
512 3044
2752 3335
5560 8311
7091 5469
229 6893
3152 3979
8895 1177
6660 4199
1904 501
813 5372
76 6799
3465 7822
910 6473
388 7825
5453 3876
8620 1359
5789 6979
6661 4959
8655 9947
6824 8629
9749 8528
9953 3568
7181 2450
5663 7779
4961 1845
448 1315
9694 3344
5869 5403
1657 637
5485 2259
1365 6127
9257 3757
9493 321
728 4752
6843 132
65 6394
1517 7127
9924 2759
6205 8183
8036 5071
4775 2513
5834 6735
8255 685
5133 3655
1401 5905
9851 2402
9961 9178
3276 9252
4423 5185
9325 4278
5027 1687
2052 6131
8466 8223
2099 9855
6306 3697
3030 6981
2870 7517
1679 7054
7658 5017
2849 8626
2259 3428
1068 2699
9378 2303
5486 5355
4610 3735
7158 1927
4763 6946
6413 3759
4546 8180
9668 7771
5891 8558
9485 4351
5680 9772
9892 9879
6282 7625
1179 4637
4529 1302
2562 1335
8759 7105
4198 5632
490 5058
9349 3938
4196 9989
6869 8361
4732 3324
8990 4530
8601 4718
6734 3477
4299 5391
9817 4982
2181 4797
5183 6872
1010 9416
3314 8968
5258 1798
5523 3264
4024 6620
4561 4344
7336 4979
8850 4375
7150 2345
5331 4262
4870 898
7376 9710
2395 7880
1844 7777
9974 2835
3205 6702
3609 864
2913 6530
9427 3605
332 1745
3398 1620
5544 9860
6802 2951
7985 8929
7782 4628
4932 9747
4564 949
818 3301
5063 6554
7910 5308
6052 881
6824 5864
867 5179
2756 4489
1672 4115
8294 7405
379 5590
1652 1433
9671 5291
5983 7584
3435 5191
8280 1764
1793 6512
3498 7462
3706 4193
7073 4474
560 1622
6829 9446
1724 3874
1141 5768
5050 6332
4284 7324
8037 2945
5779 6478
4550 7443
6986 1967
9622 43
7839 6609
3321 3749
7450 4582
877 6109
4002 929
8831 4617
7444 6982
7494 2373
4923 4692
9133 754
8252 2991
5184 4992
9515 4202
460 9325
8800 958
8607 3798
9099 8461
2048 8966
1815 9896
8856 2058
3305 75
5218 8144
729 7005
5425 9117
1172 6528
1943 3665
1750 6276
9446 4260
2149 5756
2769 9113
1594 2730
23 6964
4084 8336
8981 1127
5567 4218
6699 3320
6121 1128
202 7380
8762 1497
8278 3370
1629 3892
8936 5033
8903 7071
7556 3614
6921 3103
8681 3760
8951 7556
3846 6185
6790 4377
3661 1938
9049 9525
8736 663
5344 5758
2524 7861
5879 2884
2572 439
2045 9324
1009 1824
4637 9508
7150 8682
8086 3671
9058 2821
3399 6260
1623 6827
2695 5878
7836 4957
9497 5571
9180 7850
6028 6511
9679 2350
7917 8036
2511 8686
3710 2365
7689 6371
3662 9464
4862 3102
4732 3258
8014 9551
9100 4336
5582 1213
6619 1475
7054 612
5307 7101
1197 1363
2406 9545
687 6445
6081 5475
8985 333
8268 3661
1730 4980
9192 3817
496 5867
3908 4164
6769 9003
2161 9862
8596 2214
4927 585
8736 6166
5040 2448
8634 3903
7606 6844
6460 1428
1794 2642
4984 4273
949 3304
1243 7723
8314 3669
4706 2050
8904 2451
1316 6252
7486 1531
5717 9493
4994 8344
5784 2084
6009 8847
1685 9236
9460 8038
2382 304
8522 5540
9356 9378
5075 8942
6287 2560
1615 8655
5149 1694
775 2262
2722 9390
246 7102
7392 8591
8180 1696
3722 1102
6982 6212
5574 2516
5436 5026
6556 856
8328 6963
3763 9249
3677 9209
1841 7547
9064 3850
4955 8365
1090 9305
536 5255
6100 990
7908 9760
1566 4575
9697 6917
3498 6470
308 2624
8329 6555
2792 5261
3814 3966
128 7123
3089 2744
2219 9011
8936 8926
9699 7636
1705 1098
1978 2425
116 5958
8476 8123
1026 2207
7171 3616
240 6896
6186 5207
6815 7630
7302 9963
6650 5836
9067 8712
4361 405
885 9559
8636 5493
3957 8165
9201 8648
3853 9505
1064 6003
3700 1864
3339 424
8281 8419
1313 2277
5714 7733
9926 2673
9917 9269
4764 1734
7062 8382
2843 8070
9157 4562
9415 5086
3604 4492
2234 7962
6228 2477
4598 7565
8793 2070
4629 2677
386 8949
9531 1770
7316 8154
2161 6171
9059 4929
6622 3801
9368 1483
8614 5976
4268 227
169 9365
4398 1505
5033 3965
1574 2146
3802 2117
3953 300
4388 228
864 5433
7815 523
2956 4577
5445 5572
3934 9628
5990 676
2934 4000
4604 3909
3766 8997
1584 6890
6811 7995
8351 2196
2698 2188
3164 3644
7670 6413
4031 1014
8329 636
649 4811
4635 9796
8726 9842
6885 3864
3485 4409
7552 4327
2564 3541
1996 5006
1639 3685
8180 7804
6652 7719
3825 6665
1805 8592
1858 5486
6868 4341
1222 9705
4398 5251
6100 1500
7552 18
9728 6740
3508 3467
3962 7838
6131 4462
7683 9105
7186 3869
1298 5499
547 2598
2329 9393
4519 5662
2320 7358
1838 8109
1838 3908
1712 7475
1509 4406
741 4763
5661 3910
3361 801
3670 8201
1710 6732
6199 3670
851 6513
4676 2239
8616 9286
6429 4132
1593 4871
982 2768
796 1329
1238 2428
3173 1625
5826 3317
9430 7675
1954 7250
2275 889
2896 4205
3569 2793
6581 7276
8121 6432
5834 1865
6936 8901
8583 3753
5644 3690
9355 4498
7458 9242
2577 180
4519 9179
3702 289
2980 8935
2598 468
5685 2415
8876 9344
7665 9720
6202 2382
6066 3275
101 2995
3744 7052
9355 2633
9654 980
5276 4812
983 2336
8049 2368
6533 6309
6616 9690
8101 3992
2953 1985
6824 4243
4083 6639
490 3571
9027 8587
8753 3625
5100 1738
3885 2867
1638 402
3888 4599
2849 8199
7305 4960
2685 5324
8595 9832
6652 7290
5288 2957
4763 103
8257 4589
6827 3615
663 3391
3543 8243
924 7596
8462 793
8033 9018
5239 971
9955 1106
3387 9164
8604 8497
8721 909
954 8414
1661 6061
5713 2998
4534 7985
8564 962
508 3638
790 8720
1566 2791
5733 3879
6180 7308
3150 7615
528 3058
439 7416
6167 6551
7662 7691
3202 9239
1350 6778
7392 9264
1200 3343
3321 3188
9659 6948
1844 4317
1197 2520
2936 5040
6050 5104
281 8671
5062 5000
1218 4794
4561 9636
9065 9592
6345 2019
1234 2294
9310 2714
1481 8816
3377 9068
3071 919
4199 9405
3929 3165
4531 1284
5360 6764
6258 5928
5375 5581
8295 5365
2891 3432
2304 1915
3368 5986
8626 6404
4999 571
2516 4723
9995 7139
5103 4075
5239 5427
2613 8039
1543 7371
5467 3305
9027 3715
1312 5223
442 3354
7713 4084
9449 2132
4961 2386
56 1103
6215 6581
2030 5890
717 6447
4280 8589
8793 7870
9980 5676
8827 3253
9434 8132
7631 8596
5182 6182
823 5567
3609 2907
5885 2626
308 3431
9609 7611
8193 348
2021 1990
4600 7897
8757 4133
7321 7774
2823 2385
5563 4948
164 4554
4236 8788
5647 7305
3255 7640
6734 7159
3520 741
2787 1873
6386 7873
5524 6188
760 2895
8416 6139
8271 3277
2851 6769
1459 1849
8137 7663
8092 1999
3739 4427
573 7354
5910 8065
4203 4302
3592 5168
4727 7722
1623 910
4143 9886
8841 8920
7017 4077
864 1797
1719 325
4636 5739
9729 4363
4851 1197
4873 4928
9269 1638
5633 8817
9470 1628
1965 731
8635 6721
2181 7445
9536 935
1633 4873
7817 2073
5012 7157
4219 3091
1380 2966
824 7178
406 6436
4038 2787
4196 6342
8189 9758
4235 7502
8528 5548
988 7057
2158 2479
100 2165
7557 4822
7778 5464
4151 3832
8787 5664
6117 127
2039 1969
35 6092
8507 4563
5095 1836
7985 7376
6841 572
755 8633
9401 3756
8404 8262
4472 1564
1476 9332
7832 3835
7336 5883
4425 5424
3470 5726
7458 5351
5431 6336
7227 2220
9653 8299
6986 2508
299 6673
4399 6310
9559 6
3089 2183
5437 7440
2361 1215
9113 2548
6483 2008
2532 9849
2738 5753
5675 2774
8655 623
5525 3998
6113 8369
6281 3752
5727 4361
660 3282
6276 3408
150 9596
1238 778
9773 729
7152 3981
1503 5893
5075 5374
5690 7862
6053 8439
3763 2406
4602 2158
266 3247
1907 6885
3326 6983
9400 3988
4837 8067
453 40
3343 9552
2083 2573
8466 5315
4431 2168
6960 1313
2345 5956
502 7516
1312 8553
2692 3556
5048 8408
7670 4334
4600 9938
8060 5014
9748 2082
3796 1778
1581 726
8564 7930
6425 6230
5618 8645
9329 3303
2930 1748
717 2314
2341 5554
717 99
3819 7279
8858 2900
1351 6801
694 2330
9314 4900
1242 9783
2527 5946
749 7635
7143 2430
7528 4227
3825 5983
5707 3331
8986 2267
3422 116
3244 7694
3242 4844
9694 1041
9770 9438
2982 6876
2392 5613
6971 1047
7954 8657
7341 7905
1069 8377
7181 4011
9204 3550
8540 123
2345 24
3869 6295
7768 775
2907 3440
2446 5031
4070 3841
6408 8
7848 1441
3343 3741
3883 982
679 8572
932 5783
1252 1560
6556 6524
7375 7381
4271 4770
3514 5316
2698 8177
933 2746
7249 4532
9275 9967
3659 7360
2503 1256
8369 5206
9403 3736
296 4791
2827 1353
4088 569
7998 4246
9687 6649
7008 3544
5903 8480
5058 8388
8730 5858
4924 1780
2435 2411
9749 8695
5821 7889
3804 9562
9652 6547
9700 5312
2537 7791
2219 6987
9388 4259
7896 6800
9116 1585
8283 2550
5922 2464
385 7320
3894 8179
8295 3018
5879 9183
9683 6247
1591 5819
8910 6031
8893 6387
8507 9061
112 1425
7985 3243
6216 6967
2467 2191
1307 9214
6004 9299
7883 5181
8943 7147
2 2950
5738 1946
7070 1402
437 4110
2068 2630
1374 7174
7191 5304
4349 2693
3741 4042
8488 6459
5875 6566
1539 8638
3931 8074
9679 1415
3407 5859
9503 5390
8398 2715
5595 3479
8872 9953
3406 4173
1238 6202
5670 4821
8209 9380
5215 979
4556 6298
6113 2129
5251 4608
7659 6698
6215 9724
6626 8541
8701 2608
1755 2641
3079 1913
6561 5150
3051 3837
6939 8479
1411 4036
4976 2804
2595 1342
8482 2197
3241 1194
7174 7070
8151 6527
5985 752
7573 4335
4961 1220
1633 7761
1965 4558
6507 2554
4380 4621
6075 2668
4220 9358
1142 1781
7458 1352
5634 3191
6883 7271
2318 3141
3020 2393
5083 836
867 3239
1751 6440
6085 2309
7551 2711
7551 496
2310 7343
65 521
3778 4179
9779 6856
8247 5834
8761 1854
6371 5002
1889 6037
827 2012
2033 7479
3242 119
9482 2553
1581 673
164 6542
3572 3377
3379 6217
6479 6117
9824 977
188 8333
9792 1439
9059 6772
7603 6792
6662 2562
5875 8339
1666 7254
847 9137
8398 8460
1517 6636
3199 4421
5873 8939
7065 4120
7636 2889
9683 4771
975 4074
5842 8054
6293 4543
5827 835
5957 8529
3619 1516
327 6253
1889 8615
9317 2206
5118 7959
6897 4657
5691 3162
5398 3812
2277 3772
6320 7534
5074 4920
9623 411
6327 5709
8636 7591
99 5729
5711 8594
212 6838
3283 2856
3611 8808
4564 9894
4519 8202
7241 1326
1661 2843
5093 8437
8417 8836
3451 5328
9815 1641
4732 4230
6552 9331
3400 9941
5764 6097
4776 9669
5702 264
2026 8310
6790 9913
8012 1324
1210 7229
3970 645
9622 4666
687 9174
7008 9318
6289 2986
733 2874
4549 3964
7288 4676
6011 4698
343 8583
6960 6537
6184 9056
4114 7456
2044 3375
9292 3155
3033 442
4161 8470
112 4863
9322 6969
7608 6465
6192 5389
6113 3110
8793 4410
7920 7225
3675 2282
2766 8850
6248 1470
8041 4253
5888 7085
9415 1131
4495 4909
7635 1993
2848 3183
933 7607
6492 9185
4372 6007
7335 2226
8295 6240
6718 8185
4841 2284
8872 8732
2640 8337
8789 6977
3276 9487
9947 884
4322 938
7606 7829
3155 4767
6792 9827
3796 7244
8736 1903
2139 6779
7670 8753
499 6978
1741 5952
8802 3425
2281 941
2406 8557
4445 4391
5675 2079
7058 7179
6733 7382
5398 4430
4976 9396
1506 837
6683 327
5908 4946
5746 9085
7516 8178
317 4584
6408 802
5588 6927
6944 1307
6259 5405
918 7433
3439 338
1446 153
7130 9310
2061 9582
3136 5935
1950 9751
9856 3115
2977 3138
9570 506
8183 2871
373 4785
4529 1779
334 858
174 640
1330 4529
3692 8718
5834 809
8597 5076
890 4459
9500 154
3123 8975
6902 155
8242 4619
6733 3315
2481 7293
4585 6491
9351 8167
3382 6462
7666 2702
7019 2137
9532 7690
4265 7977
7689 390
2563 6544
5103 7770
67 1803
4909 845
8288 426
6732 5463
2236 9532
1362 374
8139 4504
1628 8895
3543 9389
1539 3713
1308 5241
9140 5072
114 3046
2091 25
5360 1949
4967 9831
9400 9614
4144 1392
8065 1027
3085 8696
9324 4371
5650 8289
5220 7015
96 4611
6111 9172
4855 6099
3740 6412
6892 5307
7210 8097
1770 2720
2986 7643
8048 6163
7578 9432
7979 8544
5979 2987
7758 3886
8771 7726
1420 5990
1533 1437
5272 92
8090 8267
4027 6482
6331 1870
3609 2293
62 3808
8990 9463
9273 4796
5185 1786
7823 460
6100 4566
8288 1957
6715 9565
404 246
6248 4437
7120 8796
8736 1595
9273 1534
1186 3436
9835 520
3911 241
2768 7662
3153 828
8786 140
3994 7365
1642 4618
9979 9280
2992 3125
2037 1212
2647 6096
1210 6358
6888 5147
8906 2127
4380 3321
266 7492
421 2936
1243 9689
5488 1571
9061 7370
7512 9148
7078 9630
5593 6697
1446 8705
6255 3635
6969 4210
8381 5810
9470 4276
468 1412
5439 3786
3398 5856
236 1843
3890 5564
89 8734
2702 9536
1004 9528
2647 5170
3714 3123
2697 2547
9180 4473
2130 4126
3873 5331
1113 5270
8301 2784
2071 1452
8363 6816
1837 4025
9956 4556
2494 4029
1148 2460
3049 8489
7288 7201
1176 9123
1928 2571
1661 6428
9748 850
4071 6901
5734 7854
5488 2163
460 6674
9443 7569
2481 7106
4804 4685
8126 6701
2751 2500
3702 1261
8081 579
3924 2128
4679 2704
9653 5578
6501 792
5923 815
8061 4505
1582 9639
3691 8198
243 4316
9248 4711
7400 5964
5745 5360
6732 846
6207 2910
6841 9878
4336 6623
7169 7199
7184 1320
6492 4247
6739 8554
7341 4458
9856 2244
9787 8789
1408 6345
5136 8820
8326 6250
1252 1604
4496 6918
6385 2027
1593 3065
3071 4790
2222 9460
1355 978
4825 7093
9491 7865
860 2433
338 8215
2198 8019
9567 7860
2645 373
2069 4118
6386 2521
408 7641
2092 5041
5631 8775
2914 7593
7040 4479
1947 2142
3915 8161
2738 7367
6382 3984
9058 9043
3564 8348
7597 2266
7168 8047
67 824
6533 1120
3706 66
1828 9253
2788 7080
6683 8463
697 4374
4959 5056
9427 9519
3336 8117
378 1884
6193 7589
8663 3875
7622 6123
674 8527
6455 8232
763 9050
5214 7682
1590 5301
9076 257
1956 1157
1109 4439
5075 4076
9710 1068
5649 6563
5852 5165
34 660
6875 3048
4698 2783
748 3
3755 4105
596 4564
9749 7826
3242 7263
2259 3302
786 8071
5865 4057
6390 2481
3296 9714
8848 8364
8048 7520
3741 7361
4596 3674
1115 8512
7533 924
2738 38
4790 6694
3321 8724
3107 6257
497 4972
7639 9981
4738 1808
7124 8340
9562 1705
9631 263
1783 6877
7744 8169
8625 748
9094 3707
267 8014
2812 5706
8884 450
9753 899
9587 5791
8814 9022
5586 454
990 1175
6649 8087
5885 1275
9515 438
2415 9160
2342 9850
2877 331
9797 309
4958 9408
9634 8653
3122 3545
4813 6775
926 7956
5759 503
6270 9609
7046 9830
9064 4824
6467 7908
8369 512
9654 2596
5779 862
727 6965
3784 2819
2432 3219
101 760
5603 4019
1666 9055
5632 6706
3190 9664
6836 5159
4935 1116
1729 709
7615 6846
4781 649
4357 3768
1948 8889
466 4012
6164 1733
7826 8234
9373 5592
7047 7678
5049 7940
3413 408
4345 9019
150 8098
4983 5334
4707 9637
8052 4726
3511 2148
3855 2712
2979 3041
16 4607
9844 5069
4484 9070
9940 3316
115 2105
2532 9182
4971 8370
8293 7417
98 5319
1111 7439
1976 8146
8846 6842
7166 9598
1642 2150
1201 687
9533 4776
522 9969
8000 900
1881 8030
18 4279
6029 2689
2025 9472
3817 6634
5374 4451
6728 448
1446 639
313 8748
4336 8919
2544 2308
6892 2276
4266 8860
7963 7555
1770 6105
2606 2405
5209 4239
7351 5944
9725 4020
7121 3681
2488 90
2296 9948
137 3166
8522 8542
4322 7048
719 9937
7844 4951
915 4665
485 1405
3260 3989
8967 6448
1582 3667
3708 8286
7244 1923
9157 1590
5826 4975
4781 6515
9805 4780
3554 3389
2790 7194
2843 8252
9151 3761
5651 7566
1881 3145
114 5518
3553 8119
3665 2173
5143 3898
7720 9207
3634 2594
2691 8383
7558 514
7728 9327
8430 2429
1112 604
878 1191
1218 7941
7491 4661
3661 189
2143 7467
3939 9996
3108 5638
3796 7998
8660 4059
1998 4605
3764 5979
7509 1682
6602 2698
9563 76
3422 2014
8657 7144
6238 960
3569 4922
7034 4277
3604 9346
6932 2051
4912 1763
3354 8417
6038 9422
8345 1809
1252 7538
1362 2980
9841 4342
250 3298
816 969
50 4176
5666 2087
2840 8088
6699 2873
746 3650
4302 7028
7946 6880
1678 1644
2875 1858
8897 2443
9316 8254
7931 4047
7853 3161
4976 5962
7302 3287
8076 2681
9810 8533
9531 9081
7344 4223
2913 8687
4685 242
9007 2961
9516 5053
517 3130
5711 7993
3863 7260
3588 868
210 8571
688 6395
2438 8579
4819 8580
2269 5323
9567 6681
3020 9163
7274 84
7227 8374
8889 2272
3636 6170
8068 588
2925 7061
1746 5440
7768 7008
3814 1746
2738 8403
8363 1704
3922 4662
8772 3794
5148 9290
8627 4379
4704 5866
6469 9082
9876 7035
9690 3610
8485 5198
8669 3558
5207 9641
6568 2379
9594 9500
9577 9102
8152 7240
8687 6086
4318 7264
4825 8263
5667 4085
1842 8130
3819 6533
5983 3567
2521 7664
1179 3319
7824 1143
7512 8721
5026 4991
4313 5055
9731 4442
6420 7705
3152 3976
2458 4282
6274 2403
5331 5977
3132 1523
62 9342
2516 1025
9888 7745
9241 5948
5524 4571
1293 5942
6255 1114
1148 5066
2094 9374
3121 9177
1440 4420
3972 5822
2759 7549
1510 463
415 8598
1702 1387
8295 5171
7204 2202
8611 7888
331 2713
9210 488
189 5747
4373 8465
1243 7639
2161 7455
5544 2836
8687 8785
3634 2420
6457 8953
5497 4710
8202 8484
7696 9844
4028 1758
4189 4601
3786 2639
539 999
1470 111
7421 6643
9525 657
6472 1246
8478 3356
8048 2045
2431 8376
69 740
2517 8150
7871 8276
8380 6167
6607 8466
759 4570
2887 6111
8260 8731
7392 9675
9837 5968
252 2029
7569 8813
6473 774
7304 702
3348 7674
7689 6663
2343 4183
8229 6119
3833 5208
7370 8869
4617 7239
7793 6757
7444 4388
4653 251
5258 5057
1681 6952
8296 4833
6725 8084
4089 7793
1145 3185
4340 959
645 2081
4499 2709
1510 5269
1675 1401
1219 5322
6596 736
66 2899
5360 2745
1313 1722
1658 7355
1763 2416
2441 2102
1215 6785
7796 3096
1347 4689
8530 7521
6144 1514
2842 1399
8206 7168
9918 1890
1597 6032
6886 5800
5657 4550
7928 6140
4437 1134
8501 1572
8086 9466
3528 3538
6519 5454
7674 4045
7679 2174
5475 8158
9092 4901
1934 8993
2089 8830
6707 6444
4050 5047
1722 671
7539 6974
4349 7329
2327 2242
4909 3990
7541 4805
5524 8693
3661 6928
823 4702
7495 5332
1313 4300
9234 9801
4843 4804
5662 706
9433 8964
596 7628
7666 6907
7544 3009
2869 697
7707 4693
6509 7223
2388 6251
5658 9339
5488 260
4840 2705
7149 4587
5234 6796
2800 7363
8113 5502
4870 4533
8693 1647
3899 6059
9773 6709
3405 5487
1823 2658
3982 9211
6248 2092
5962 5899
4964 9537
332 7824
9941 9676
5667 8233
3533 9321
1522 4652
9925 283
1793 4886
6225 3276
3422 2808
2016 6621
8736 8002
6123 784
4657 2331
214 7724
2762 7902
8032 1204
2354 4172
8685 2523
1288 9036
6699 3546
2262 382
3507 9978
658 2224
6141 9176
6626 1755
9664 1568
1849 1906
7506 6005
8791 6369
3447 3696
7051 4378
3176 8831
9493 9004
5331 3830
38 422
3520 1407
6419 6538
918 7116
6611 8923
6787 2238
5040 4526
8350 8208
824 8649
8990 5616
4391 5837
3247 1248
6650 1711
4146 3266
6746 1419
1653 1334
1410 1576
1647 5195
6671 3231
738 4152
8854 4708
2534 4466
4707 2781
5664 5063
9741 8409
732 9999
7886 9915
9101 2370
2633 6165
3908 886
4173 2352
9007 9353
7976 3658
8564 6568
3825 299
9594 7837
6051 4627
3076 6627
5173 6115
7869 6420
412 4517
8447 6168
2678 9964
515 7153
5826 7434
6908 9122
8109 5880
7780 9088
2090 5778
1661 7587
7024 1871
5759 8841
4825 7768
8169 646
4716 133
2310 799
8208 4021
496 9476
754 9771
7877 6661
3856 672
4637 5438
5986 108
1990 6715
5436 8272
1453 6776
1819 9048
8247 9089
1838 8280
6386 163
4164 5376
9899 498
8086 8353
9529 5102
9921 8595
7664 487
8476 8804
5387 5010
764 3642
5960 8578
2180 1749
2336 8412
9869 1265
8986 918
5498 6009
703 7338
6878 5213
882 399
2787 471
6307 1977
2925 7989
5129 7603
1903 4100
5431 3740
448 1046
9792 7848
2139 6033
67 3606
3833 4350
1765 1362
8872 5892
3657 1909
2041 8881
3765 1442
1228 7021
7777 670
7505 1002
2928 5412
8570 4507
4437 4235
2558 1937
9959 7143
5864 2925
5568 6081
217 1271
6760 1033
2384 9634
3673 806
2843 7933
5252 597
5892 6178
3684 6068
1308 4950
260 9225
1256 6746
1581 6277
8289 9341
5006 5267
6883 56
5138 6389
8690 6881
3033 8703
8771 1356
364 4034
6876 4483
9940 9910
9186 5247
7670 2772
1682 788
8736 9922
2525 6203
8746 6668
6068 4431
289 369
2023 6221
1679 261
9691 7341
8650 9589
1115 8261
8312 8776
6865 8387
7658 8023
2436 2832
6980 6647
4564 8840
9856 5873
6668 4840
6897 462
8796 2180
5803 9465
9824 9038
3315 9863
8944 7713
3092 8771
3145 2218
6500 9578
7689 3027
8451 5565
8872 7544
6341 365
1805 7287
4744 8784
9768 4834
7325 4709
8381 8660
8484 7849
4590 6102
1505 3504
3326 8012
7982 3895
1459 7000
8219 3350
5404 5797
9856 7283
3595 3743
4149 882
8526 1551
9998 5417
2486 7742
8612 6398
2468 1723
8703 3584
3391 2637
8169 3613
8260 5229
450 5911
1465 3445
8880 6334
3357 4221
3465 8184
9253 5384
4308 5197
6790 4792
9226 1494
4207 5559
1518 1995
6411 1726
1325 4044
1729 4659
9841 8708
772 3868
6066 6158
6758 787
4593 347
5783 5806
9293 5870
8086 5133
9083 8248
9484 190
2572 5994
3371 6347
8560 4945
9145 3649
7149 12
5196 6130
3451 1846
6945 4154
7321 9100
9532 9656
5124 5244
7268 5561
1825 2394
1586 651
8986 2020
1443 2063
9010 2377
3700 5741
2370 4668
5828 7511
240 48
2256 4795
964 4051
4859 6895
3964 7736
8466 4384
6960 9013
7206 6036
7657 310
8663 5652
51 8110
28 6931
5370 7986
8092 7297
8242 2397
4706 2344
4069 9600
5473 6946
4529 6323
288 2842
1416 6898
5015 4267
7659 2692
4844 4156
1666 3811
6368 6980
3148 6409
3614 3435
7392 3516
7029 3427
6041 4784
5664 6783
5411 7357
8208 9700
4163 5865
6986 3242
4961 3630
1461 9421
1941 1656
4176 1374
2083 8650
6472 8390
4201 1138
9963 564
9617 6343
6795 9834
8548 7526
243 1355
6063 7404
6787 6415
4490 2143
7499 4931
4452 1659
4223 3785
895 6879
2913 3859
9532 4663
7512 7610
6829 3150
7409 1739
7190 7330
7646 3409
1889 1092
5010 903
6302 4424
1354 2734
6928 5115
5634 1750
7321 7261
4776 8549
24 2112
1228 2780
3654 4015
789 4130
6191 3509
4530 2602
1458 7379
290 1184
3099 5833
8393 2003
2474 3300
6371 7533
2691 3823
1732 2434
4144 7935
3858 9793
6700 3507
1502 1154
7257 6579
7644 8974
8530 6852
5257 3237
3445 1932
8723 8415
1481 9618
7675 7506
4604 5826
3683 4958
2738 9883
2384 266
398 8422
245 3225
8526 667
6534 3861
5799 9828
6960 3444
7658 6226
5430 7975
6892 9167
2639 1660
9944 6138
9433 5959
3853 5490
7034 885
3443 9298
1748 4835
2928 9118
1815 1627
2952 3059
2685 3698
4562 9333
3681 3168
8292 4004
6299 8020
1934 2258
5036 3776
8890 2418
5005 3379
4437 4090
3382 9409
3422 2126
5581 4478
4888 6766
5400 8375
6169 5402
2490 8976
702 4093
9611 5039
2541 5531
6692 5857
3533 4330
8622 9140
8316 3206
9503 258
6438 3762
6116 7912
1794 763
3574 7256
7445 7528
6999 1062
2929 9440
9173 2719
2492 2269
9909 8237
9320 7842
2913 47
1218 1771
3729 81
1965 9104
3040 4703
2099 4674
5681 4843
8783 174
4256 766
5088 9927
2882 1084
6010 7233
1886 2580
1258 796
9819 9367
8003 4385
8694 6225
9761 1963
845 2549
3220 9895
4538 3754
1881 4572
4164 3284
7622 8076
502 8747
502 4546
9655 7845
2203 8006
4247 20
81 7936
9916 3944
8376 587
1545 1361
8281 1518
3852 8795
7363 2870
7237 5912
7399 2298
4790 6311
5568 2929
4966 380
3883 2897
2759 6359
1181 5221
6660 6281
3091 8000
1205 2316
6115 7878
1734 9719
1786 3530
5272 2005
1906 4578
4674 4005
4808 4759
2136 610
4870 1207
740 7060
1753 4750
7689 3834
2508 3636
385 712
434 4775
1867 9467
3894 7987
5717 9158
2579 1301
5875 9744
6371 1051
8652 3100
5532 481
2641 7548
1409 2846
5569 7193
5196 8668
4402 4643
3774 873
4345 1857
6944 9436
5980 3502
9626 983
1943 2672
1156 9203
2500 1543
3830 1155
7016 5525
7187 8790
6516 8585
389 3325
7166 1268
6168 2691
7305 6301
1394 6752
8044 6869
3703 3450
3874 5483
1212 1527
7400 9958
9200 1117
6946 8061
5791 7026
7778 8857
1238 1930
2714 1071
9868 987
6483 9468
8255 7210
8178 1099
2935 1484
1288 6891
2542 7151
8547 2888
744 5973
5646 3117
1196 3101
7020 1981
8212 7513
2992 3186
3578 1297
978 2649
2411 3140
1175 9579
2089 2860
9265 7490
8095 3666
1627 6707
5887 1607
8414 2894
4813 6418
9200 5789
8569 324
7965 7757
6415 9576
8291 3497
956 1291
7623 5024
6816 1777
90 93
6562 5573
1159 4508
9772 4904
4294 2002
1556 3915
453 9486
3130 5348
9632 8307
5785 1451
5678 1325
2808 6051
6663 9533
5303 5356
9105 9729
9817 6259
9306 7504
6530 9125
6263 8781
5711 3609
1456 4623
7679 7413
1703 2514
8026 812
5045 4953
5881 7403
8851 400
788 902
8451 5125
2792 6120
8239 2502
6668 4521
3943 3249
1855 8654
2366 764
6851 8843
9900 3116
2572 7285
5743 235
7864 346
5321 9402
8430 5187
6553 3487
8105 1226
5425 8971
3962 6093
6980 33
9299 388
2262 3043
3091 4322
1852 664
4207 2891
6270 5535
86 1919
9061 1270
7608 6957
8513 2862
3439 6991
8659 7117
6496 9490
5018 7536
9470 8793
4389 5793
5076 78
874 164
2001 1137
5351 17
731 381
9127 5421
7556 5225
107 7118
8145 9232
3608 4181
3343 2449
7171 7040
8687 5085
3706 1040
8800 6194
56 5840
1819 6206
905 4065
5427 951
1762 1013
1882 6262
8088 7422
7454 9994
9765 8273
8536 9275
945 4137
4407 7624
3772 6884
2722 1176
5086 779
1070 2038
874 177
7594 4002
9099 6584
7342 7430
3058 6723
9835 2717
5064 6618
9883 1970
9136 6651
5225 2779
445 939
5783 9459
5523 3870
3878 2971
5010 87
5579 4445
37 9223
4782 3872
8951 9759
50 9162
5983 2579
8169 7737
1746 1661
982 7681
2310 5675
3413 4039
701 7402
6293 2741
6165 7659
6478 5904
9671 4837
5724 5967
6658 6545
1014 170
2774 3005
9756 6601
5303 4927
6460 9684
7766 8673
7198 2968
6150 2813
3626 2992
2206 2440
8706 4801
6713 4616
2568 7259
1145 7190
6952 4669
1529 8321
9340 6026
4338 3090
8856 3469
4098 3337
9060 724
4322 8451
7450 4249
330 7364
6767 2758
884 73
6109 2529
8277 3240
2659 6680
1226 3974
2533 7507
4099 7884
6922 9233
4766 8347
7503 9444
8561 1198
11 1841
5843 2265
4215 7951
1453 6767
1319 2337
3433 9871
2685 1606
3609 3940
4641 9520
5544 7567
6081 2322
2758 1330
8878 1255
3439 6683
4168 9273
918 7133
4748 1217
9027 4761
3906 9007
1203 7531
50 7323
2887 9553
7601 9090
4287 9638
6619 8471
2799 8393
3752 9479
5173 4254
4235 8172
6876 4111
9028 2074
3971 5618
5170 1741
316 9549
7447 8249
5038 6954
9639 915
9122 6287
5875 8094
6919 5097
8829 3032
2354 2916
308 8089
790 2908
4790 3856
7713 9573
3154 5480
7689 2534
9526 1654
9958 3297
9094 7164
5458 7927
1289 7961
4854 2299
1810 9124
8279 6951
9934 4108
9903 328
2662 3153
4702 1878
767 6280
8511 5473
6982 844
4760 6020
4046 32
2043 4343
6363 3724
3483 6456
6962 1774
3439 4134
187 7812
9810 3641
6231 9139
9733 3192
2481 9800
50 8746
9317 1264
3176 8635
4721 965
5667 3849
9211 5941
598 3330
4679 2954
2420 3404
5594 6717
5110 9822
253 2100
8880 7827
6683 1921
5432 4625
2949 1129
6038 7818
4854 6045
5294 1887
5433 7186
6787 6593
9309 7573
2515 1547
1601 3836
5476 3355
2 8008
2791 2125
5867 2688
9974 9912
4698 1489
2994 4147
1278 7505
2849 1019
677 5824
8786 3452
3951 5877
1179 6708
6750 7586
5790 7315
6118 6363
3718 2636
4898 4933
2033 7034
2638 5387
8524 7094
9747 3840
4568 8441
4702 6455
3936 9625
7190 2152
1828 5060
3619 1058
9940 9338
8815 2584
1761 6696
6885 2684
3703 4620
3885 6546
3212 5780
3821 9042
4334 4194
2496 8313
4102 1821
5886 5050
7250 5936
37 2178
8604 1438
9175 2459
4753 8692
3361 1823
9167 3278
5700 1598
2140 6355
2083 5821
2076 6865
9991 4213
7348 994
4237 4382
2848 5395
2951 9014
8035 5344
3515 4397
7935 3716
7554 52
5570 2427
3702 9821
7689 1179
3301 7262
7807 5601
8868 6220
3027 9130
7203 5608
6023 1096
16 7501
8966 5745
6148 44
8706 5111
4258 7945
5719 6054
8169 705
7057 6722
6176 6973
596 9473
9279 8127
112 3947
5012 6835
3181 7503
3825 6787
7552 1187
8052 8909
1726 4449
6375 1376
1051 9006
4613 6079
1452 2934
4277 3878
7131 7775
6921 7965
6181 3991
3249 9071
2308 2101
1838 6124
5331 1111
6368 1602
5862 2962
1837 8868
1500 5045
3979 9819
478 1910
9731 4127
1076 8955
9503 5926
5957 9386
3421 8279
2913 5594
3739 1206
4963 6956
8519 6695
4507 31
2240 9931
560 6271
8127 4141
2881 2794
4534 5503
3457 8848
3820 6685
5456 7010
740 4660
7627 9187
335 6826
5189 5205
5729 2675
1611 954
7552 6798
62 6933
2070 1010
2388 1814
1305 6805
5682 5488
3099 2320
9317 3534
5738 4831
6249 2566
8594 2156
3495 8672
2504 4096
9806 2944
284 3720
112 2216
2908 2230
3876 4348
2357 370
8384 2053
7188 3195
9211 8921
8206 9631
7540 385
3909 7679
5411 6543
3072 5721
9123 5775
7116 5692
3955 5516
1446 6232
3216 6116
1647 7979
7934 2648
2307 6039
9559 3309
1274 2486
5484 6159
5783 5260
6096 3505
8181 5908
6827 5710
7505 1195
8752 4677
990 1680
7640 2551
7213 2447
9566 4372
1732 1499
101 5453
7191 8323
7181 1219
6492 6070
7725 9425
786 9168
5586 9711
9177 2052
8509 9012
9500 756
6819 5189
8880 9184
9205 8715
982 3603
9798 9983
8590 7890
164 3119
4388 5532
1117 6945
9086 4041
6221 1941
1078 2035
6690 7115
1816 1735
2841 8551
2256 1216
2171 3360
7486 4312
1109 4731
7105 9279
5864 4528
2519 3023
2543 4171
8726 5576
732 5683
6492 3050
2307 107
2675 2260
5066 9136
1188 7885
5572 4541
9765 1417
8184 45
6774 7351
8381 2545
4837 416
9296 1649
6376 1828
3091 5292
9770 9116
483 8483
5261 5295
6166 5401
7487 9623
3463 1902
4890 9260
2115 3441
3424 6377
9482 4633
6717 8658
2
1648 5796